##
#  file: DCDriftParam_05047
#  date: 2021-05-12 09:33:35
#  note: first version
#        DCDriftParam SdcOut ... done
#        DCDriftParam SdcIn ... done
#        DCDriftParam BcOut ... done
#
#
#######################################################################
# Id	WireId	Type	NParam	p0	p1	...
### SDC1
##dt_length = 120.000000 ns
1	0	6	6	1.75142	0.0370118	0.00142965	-3.05902e-05	1.6432e-07	-6.67961e-11
2	0	6	6	1.72313	0.0363182	0.00151305	-3.36076e-05	2.0477e-07	-2.49335e-10
3	0	6	6	0.966825	0.0352816	0.00158722	-3.51816e-05	2.18191e-07	-2.89393e-10
4	0	6	6	1.03144	0.0355448	0.00158977	-3.54545e-05	2.21509e-07	-2.99994e-10
5	0	6	6	1.4087	0.0338653	0.00161184	-3.5266e-05	2.1862e-07	-2.97269e-10
6	0	6	6	1.86894	0.0325377	0.00168141	-3.62926e-05	2.23036e-07	-2.93643e-10
### SDC2
7	0	6	6	1.45294	0.0292466	0.00161084	-3.2369e-05	2.52458e-07	-7.28996e-10
8	0	6	6	3.50283	0.0250527	0.00170978	-3.55071e-05	2.9012e-07	-8.62705e-10
9	0	6	6	3.88051	0.000796054	0.00273904	-5.0828e-05	3.85791e-07	-1.07528e-09
10	0	6	6	3.89345	0.0280595	0.000822178	-8.12263e-06	9.09474e-09	7.4561e-11
### SDC3 layer 1,2 -> XT fitting Start from 20 ns, layer 3,4->From DTDL Hist
31	0	6	6	7.60671	-4.96547e-07	0.00146807	-1.18941e-05	-3.26763e-09	1.82408e-10
32	0	6	6	6.14221	-5.11656e-07	0.00174471	-2.0236e-05	7.77151e-08	-7.35378e-11
33	0	6	6	6.46054	-6.69099e-09	0.00165754	-1.83542e-05	6.45209e-08	-4.37706e-11
34	0	6	6	3.22616	0.0159472	0.00117383	-1.08865e-05	4.42233e-09	1.4233e-10
### SDC4
35	0	6	6	13.5728	2.63932e-07	0.000776513	-4.66751e-06	1.13311e-08	-1.05533e-11
36	0	6	6	14.0285	2.64826e-07	0.000842649	-5.54123e-06	1.49914e-08	-1.54964e-11
37	0	6	6	15.2816	7.79896e-07	0.000900828	-6.10562e-06	1.68453e-08	-1.75602e-11
38	0	6	6	15.2952	4.21259e-07	0.000820596	-5.20855e-06	1.35141e-08	-1.34511e-11
### BC3
113	0	6	6	1.99869	0.0273835	0.00144638	1.35309e-05	-2.22029e-06	2.83517e-08
114	0	6	6	3.94791	0.0114397	0.00219563	-1.04451e-05	-1.46189e-06	1.88879e-08
115	0	6	6	4.28167	0.00644246	0.00222184	1.22239e-05	-2.33865e-06	2.81287e-08
116	0	6	6	4.21442	0.00963193	0.00188066	2.27517e-05	-2.43441e-06	2.8027e-08
117	0	6	6	2.99999	0.0151224	0.00192553	1.11675e-05	-2.2403e-06	2.76224e-08
118	0	6	6	4.45283	0.00688361	0.00244339	-1.28581e-05	-1.5675e-06	2.08337e-08
### BC4
119	0	6	6	0	0.0765883	0.003	2.06048e-05	-2.64636e-06	3e-08
120	0	6	6	0	0.0765894	0.003	2.06048e-05	-2.64634e-06	3e-08
121	0	6	6	4.9257	0.00052815	0.00221592	2.12179e-05	-2.44998e-06	2.76512e-08
122	0	6	6	4.99957	0.00276901	0.00166887	4.69788e-05	-2.86571e-06	2.96219e-08
123	0	6	6	3.39606	0.0122561	0.00194481	1.18227e-05	-2.12806e-06	2.52535e-08
124	0	6	6	4.79659	0.0064291	0.00176418	3.71864e-05	-2.74716e-06	2.98855e-08
