##
#  file: DCTdcCalib_05047
#  date: 2021-05-12 09:32:25
#  note: first version
#        DCTdcCalib SdcOut ... done
#        DCTdcCalib SdcIn ... done
#        DCTdcCalib BcOut ... done
#
#
#######################################################################
# Id	WireId	p1	p0
#
### BC3-X1
#
113     1       0.833   -457.778
113     2       0.833   -457.221
113     3       0.833   -457.31
113     4       0.833   -458.943
113     5       0.833   -458.201
113     6       0.833   -458.738
113     7       0.833   -459.375
113     8       0.833   -457.224
113     9       0.833   -458.429
113     10       0.833   -460.094
113     11       0.833   -457.983
113     12       0.833   -457.808
113     13       0.833   -458.284
113     14       0.833   -459.111
113     15       0.833   -457.005
113     16       0.833   -458.402
113     17       0.833   -458.292
113     18       0.833   -459.758
113     19       0.833   -458.223
113     20       0.833   -458.839
113     21       0.833   -457.548
113     22       0.833   -458.545
113     23       0.833   -458.228
113     24       0.833   -457.753
113     25       0.833   -457.061
113     26       0.833   -457.579
113     27       0.833   -456.188
113     28       0.833   -457.49
113     29       0.833   -456.351
113     30       0.833   -457.404
113     31       0.833   -455.857
113     32       0.833   -456.587
113     33       0.833   -456.705
113     34       0.833   -457.113
113     35       0.833   -456.243
113     36       0.833   -456.655
113     37       0.833   -456.276
113     38       0.833   -456.701
113     39       0.833   -456.044
113     40       0.833   -456.139
113     41       0.833   -456.619
113     42       0.833   -456.865
113     43       0.833   -456.324
113     44       0.833   -456.547
113     45       0.833   -456.445
113     46       0.833   -457.008
113     47       0.833   -456.033
113     48       0.833   -456.79
113     49       0.833   -456.671
113     50       0.833   -458.301
113     51       0.833   -456.282
113     52       0.833   -457.354
113     53       0.833   -456.515
113     54       0.833   -457.354
113     55       0.833   -458.195
113     56       0.833   -457.063
113     57       0.833   -456.221
113     58       0.833   -457.998
113     59       0.833   -456.858
113     60       0.833   -454.735
113     61       0.833   -454.553
113     62       0.833   -455.849
113     63       0.833   -454.166
113     64       0.833   -454.631
### BC3-X2
#
114     1       0.833   -453.35
114     2       0.833   -452.994
114     3       0.833   -452.094
114     4       0.833   -451.789
114     5       0.833   -453.155
114     6       0.833   -453.851
114     7       0.833   -453.746
114     8       0.833   -453.606
114     9       0.833   -453.74
114     10       0.833   -455.343
114     11       0.833   -456.458
114     12       0.833   -454.691
114     13       0.833   -455.425
114     14       0.833   -454.728
114     15       0.833   -454.702
114     16       0.833   -454.275
114     17       0.833   -455.114
114     18       0.833   -454.606
114     19       0.833   -456.211
114     20       0.833   -455.061
114     21       0.833   -455.343
114     22       0.833   -455.826
114     23       0.833   -455.899
114     24       0.833   -454.897
114     25       0.833   -454.149
114     26       0.833   -453.833
114     27       0.833   -454.428
114     28       0.833   -455.108
114     29       0.833   -454.434
114     30       0.833   -454.245
114     31       0.833   -455.302
114     32       0.833   -453.898
114     33       0.833   -455.39
114     34       0.833   -454.602
114     35       0.833   -455.614
114     36       0.833   -454.712
114     37       0.833   -455.36
114     38       0.833   -454.895
114     39       0.833   -454.972
114     40       0.833   -455.134
114     41       0.833   -453.342
114     42       0.833   -454.805
114     43       0.833   -455.336
114     44       0.833   -455.325
114     45       0.833   -455.698
114     46       0.833   -455.592
114     47       0.833   -456.472
114     48       0.833   -455.996
114     49       0.833   -455.383
114     50       0.833   -456.124
114     51       0.833   -455.786
114     52       0.833   -455.163
114     53       0.833   -456.246
114     54       0.833   -455.483
114     55       0.833   -456.263
114     56       0.833   -455.593
114     57       0.833   -454.081
114     58       0.833   -453.125
114     59       0.833   -454.319
114     60       0.833   -455.124
114     61       0.833   -454.703
114     62       0.833   -454.952
114     63       0.833   -454.665
114     64       0.833   -454.532
### BC3-U1
#
115     1       0.833   -451.806
115     2       0.833   -454.58
115     3       0.833   -454.089
115     4       0.833   -454.08
115     5       0.833   -454.897
115     6       0.833   -455.004
115     7       0.833   -455.598
115     8       0.833   -455.259
115     9       0.833   -454.504
115     10       0.833   -456.48
115     11       0.833   -455.518
115     12       0.833   -455.356
115     13       0.833   -454.964
115     14       0.833   -455.008
115     15       0.833   -455.27
115     16       0.833   -454.362
115     17       0.833   -454.694
115     18       0.833   -456.328
115     19       0.833   -455.833
115     20       0.833   -456.367
115     21       0.833   -454.513
115     22       0.833   -455.345
115     23       0.833   -454.85
115     24       0.833   -454.706
115     25       0.833   -454.647
115     26       0.833   -454.676
115     27       0.833   -453.922
115     28       0.833   -453.646
115     29       0.833   -453.425
115     30       0.833   -454.106
115     31       0.833   -453.257
115     32       0.833   -453.572
115     33       0.833   -455.658
115     34       0.833   -455.504
115     35       0.833   -456.09
115     36       0.833   -455.422
115     37       0.833   -455.176
115     38       0.833   -454.844
115     39       0.833   -455.657
115     40       0.833   -455.41
115     41       0.833   -455.258
115     42       0.833   -456.294
115     43       0.833   -455.38
115     44       0.833   -455.579
115     45       0.833   -455.386
115     46       0.833   -455.718
115     47       0.833   -455.695
115     48       0.833   -455.946
115     49       0.833   -455.961
115     50       0.833   -457.09
115     51       0.833   -456.029
115     52       0.833   -455.022
115     53       0.833   -456.297
115     54       0.833   -455.527
115     55       0.833   -457.218
115     56       0.833   -455.378
115     57       0.833   -454.956
115     58       0.833   -455.371
115     59       0.833   -454.669
115     60       0.833   -454.768
115     61       0.833   -454.973
115     62       0.833   -454.893
115     63       0.833   -454.568
115     64       0.833   -456.353
### BC3-U2
#
116     1       0.833   -452.847
116     2       0.833   -453.391
116     3       0.833   -452.876
116     4       0.833   -450.513
116     5       0.833   -452.562
116     6       0.833   -453.032
116     7       0.833   -452.938
116     8       0.833   -453.978
116     9       0.833   -451.99
116     10       0.833   -452.792
116     11       0.833   -455.231
116     12       0.833   -452.792
116     13       0.833   -453.346
116     14       0.833   -453.388
116     15       0.833   -453.902
116     16       0.833   -452.99
116     17       0.833   -453.271
116     18       0.833   -453.68
116     19       0.833   -453.88
116     20       0.833   -453.834
116     21       0.833   -453.664
116     22       0.833   -454.064
116     23       0.833   -453.598
116     24       0.833   -453.383
116     25       0.833   -452.695
116     26       0.833   -451.953
116     27       0.833   -453.193
116     28       0.833   -453.433
116     29       0.833   -452.966
116     30       0.833   -452.481
116     31       0.833   -453.946
116     32       0.833   -452.949
116     33       0.833   -452.536
116     34       0.833   -451.402
116     35       0.833   -453.231
116     36       0.833   -452.014
116     37       0.833   -452.621
116     38       0.833   -451.979
116     39       0.833   -452.802
116     40       0.833   -452.428
116     41       0.833   -451.05
116     42       0.833   -452.704
116     43       0.833   -452.994
116     44       0.833   -453.403
116     45       0.833   -453.548
116     46       0.833   -453.428
116     47       0.833   -454.466
116     48       0.833   -453.772
116     49       0.833   -453.692
116     50       0.833   -453.554
116     51       0.833   -454.335
116     52       0.833   -453.408
116     53       0.833   -453.587
116     54       0.833   -454.323
116     55       0.833   -453.906
116     56       0.833   -453.27
116     57       0.833   -451.753
116     58       0.833   -451.122
116     59       0.833   -453.356
116     60       0.833   -452.324
116     61       0.833   -453.03
116     62       0.833   -451.551
116     63       0.833   -453.923
116     64       0.833   -452.79
### BC3-V1
#
117     1       0.833   -455.582
117     2       0.833   -455.713
117     3       0.833   -457.405
117     4       0.833   -458.652
117     5       0.833   -457.901
117     6       0.833   -457.703
117     7       0.833   -459.186
117     8       0.833   -456.07
117     9       0.833   -457.653
117     10       0.833   -458.435
117     11       0.833   -457.943
117     12       0.833   -458.565
117     13       0.833   -456.418
117     14       0.833   -457.575
117     15       0.833   -456.756
117     16       0.833   -457.751
117     17       0.833   -457.359
117     18       0.833   -458.838
117     19       0.833   -457.87
117     20       0.833   -458.743
117     21       0.833   -457.186
117     22       0.833   -458.093
117     23       0.833   -458.149
117     24       0.833   -457.417
117     25       0.833   -456.414
117     26       0.833   -457.136
117     27       0.833   -456.385
117     28       0.833   -456.953
117     29       0.833   -455.685
117     30       0.833   -457.016
117     31       0.833   -455.817
117     32       0.833   -456.834
117     33       0.833   -456.751
117     34       0.833   -456.935
117     35       0.833   -456.392
117     36       0.833   -456.382
117     37       0.833   -456.322
117     38       0.833   -456.687
117     39       0.833   -456.737
117     40       0.833   -456.48
117     41       0.833   -456.972
117     42       0.833   -457.021
117     43       0.833   -456.842
117     44       0.833   -456.672
117     45       0.833   -457.248
117     46       0.833   -457
117     47       0.833   -457.196
117     48       0.833   -456.45
117     49       0.833   -457.056
117     50       0.833   -457.624
117     51       0.833   -456.637
117     52       0.833   -457.14
117     53       0.833   -456.188
117     54       0.833   -456.842
117     55       0.833   -457.301
117     56       0.833   -455.754
117     57       0.833   -454.799
117     58       0.833   -455.873
117     59       0.833   -455.785
117     60       0.833   -455.237
117     61       0.833   -454.064
117     62       0.833   -455.598
117     63       0.833   -454.216
117     64       0.833   -455.865
### BC3-V2
#
118     1       0.833   -448.91
118     2       0.833   -447.318
118     3       0.833   -446.693
118     4       0.833   -445.101
118     5       0.833   -446.13
118     6       0.833   -446.871
118     7       0.833   -447.293
118     8       0.833   -449.012
118     9       0.833   -447.311
118     10       0.833   -448.741
118     11       0.833   -449.993
118     12       0.833   -446.868
118     13       0.833   -448.078
118     14       0.833   -448.552
118     15       0.833   -448.503
118     16       0.833   -447.372
118     17       0.833   -448.06
118     18       0.833   -447.514
118     19       0.833   -448.781
118     20       0.833   -448.899
118     21       0.833   -448.6
118     22       0.833   -448.83
118     23       0.833   -447.972
118     24       0.833   -447.549
118     25       0.833   -446.959
118     26       0.833   -446.535
118     27       0.833   -446.986
118     28       0.833   -447.722
118     29       0.833   -446.75
118     30       0.833   -447.046
118     31       0.833   -447.956
118     32       0.833   -446.807
118     33       0.833   -449.069
118     34       0.833   -448.557
118     35       0.833   -449.1
118     36       0.833   -448.424
118     37       0.833   -449.345
118     38       0.833   -448.781
118     39       0.833   -448.903
118     40       0.833   -449.434
118     41       0.833   -447.833
118     42       0.833   -449.072
118     43       0.833   -448.918
118     44       0.833   -449.28
118     45       0.833   -449.93
118     46       0.833   -449.842
118     47       0.833   -450.428
118     48       0.833   -450.252
118     49       0.833   -449.702
118     50       0.833   -450.595
118     51       0.833   -450.615
118     52       0.833   -450.117
118     53       0.833   -449.43
118     54       0.833   -451.027
118     55       0.833   -450.22
118     56       0.833   -450.989
118     57       0.833   -448.123
118     58       0.833   -448.039
118     59       0.833   -448.421
118     60       0.833   -449.555
118     61       0.833   -450.044
118     62       0.833   -449.784
118     63       0.833   -447.227
118     64       0.833   -450.206
### BC4-U1
#
119     1       0.833   0
119     2       0.833   0
119     3       0.833   0
119     4       0.833   0
119     5       0.833   0
119     6       0.833   0
119     7       0.833   0
119     8       0.833   0
119     9       0.833   0
119     10       0.833   0
119     11       0.833   0
119     12       0.833   0
119     13       0.833   0
119     14       0.833   0
119     15       0.833   0
119     16       0.833   0
119     17       0.833   0
119     18       0.833   0
119     19       0.833   0
119     20       0.833   0
119     21       0.833   0
119     22       0.833   0
119     23       0.833   0
119     24       0.833   0
119     25       0.833   0
119     26       0.833   0
119     27       0.833   0
119     28       0.833   0
119     29       0.833   0
119     30       0.833   0
119     31       0.833   0
119     32       0.833   0
119     33       0.833   0
119     34       0.833   0
119     35       0.833   0
119     36       0.833   0
119     37       0.833   0
119     38       0.833   0
119     39       0.833   0
119     40       0.833   0
119     41       0.833   0
119     42       0.833   0
119     43       0.833   0
119     44       0.833   0
119     45       0.833   0
119     46       0.833   0
119     47       0.833   0
119     48       0.833   0
119     49       0.833   0
119     50       0.833   0
119     51       0.833   0
119     52       0.833   0
119     53       0.833   0
119     54       0.833   0
119     55       0.833   0
119     56       0.833   0
119     57       0.833   0
119     58       0.833   0
119     59       0.833   0
119     60       0.833   0
119     61       0.833   0
119     62       0.833   0
119     63       0.833   0
119     64       0.833   0
### BC4-U2
#
120     1       0.833   0
120     2       0.833   0
120     3       0.833   0
120     4       0.833   0
120     5       0.833   0
120     6       0.833   0
120     7       0.833   0
120     8       0.833   0
120     9       0.833   0
120     10       0.833   0
120     11       0.833   0
120     12       0.833   0
120     13       0.833   0
120     14       0.833   0
120     15       0.833   0
120     16       0.833   0
120     17       0.833   0
120     18       0.833   0
120     19       0.833   0
120     20       0.833   0
120     21       0.833   0
120     22       0.833   0
120     23       0.833   0
120     24       0.833   0
120     25       0.833   0
120     26       0.833   0
120     27       0.833   0
120     28       0.833   0
120     29       0.833   0
120     30       0.833   0
120     31       0.833   0
120     32       0.833   0
120     33       0.833   0
120     34       0.833   0
120     35       0.833   0
120     36       0.833   0
120     37       0.833   0
120     38       0.833   0
120     39       0.833   0
120     40       0.833   0
120     41       0.833   0
120     42       0.833   0
120     43       0.833   0
120     44       0.833   0
120     45       0.833   0
120     46       0.833   0
120     47       0.833   0
120     48       0.833   0
120     49       0.833   0
120     50       0.833   0
120     51       0.833   0
120     52       0.833   0
120     53       0.833   0
120     54       0.833   0
120     55       0.833   0
120     56       0.833   0
120     57       0.833   0
120     58       0.833   0
120     59       0.833   0
120     60       0.833   0
120     61       0.833   0
120     62       0.833   0
120     63       0.833   0
120     64       0.833   0
### BC4-V1
#
121     1       0.833   -453.397
121     2       0.833   -454.557
121     3       0.833   -453.536
121     4       0.833   -455.103
121     5       0.833   -454.423
121     6       0.833   -455.302
121     7       0.833   -455.114
121     8       0.833   -454.203
121     9       0.833   -454.488
121     10       0.833   -455.518
121     11       0.833   -453.855
121     12       0.833   -455.301
121     13       0.833   -453.324
121     14       0.833   -455.071
121     15       0.833   -453.585
121     16       0.833   -454.443
121     17       0.833   -454.484
121     18       0.833   -455.283
121     19       0.833   -454.157
121     20       0.833   -454.889
121     21       0.833   -453.558
121     22       0.833   -455.18
121     23       0.833   -454.048
121     24       0.833   -453.75
121     25       0.833   -453.183
121     26       0.833   -453.875
121     27       0.833   -452.983
121     28       0.833   -453.518
121     29       0.833   -452.506
121     30       0.833   -453.762
121     31       0.833   -452.914
121     32       0.833   -453.25
121     33       0.833   -453.714
121     34       0.833   -453.846
121     35       0.833   -454.692
121     36       0.833   -453.696
121     37       0.833   -453.914
121     38       0.833   -453.95
121     39       0.833   -454.258
121     40       0.833   -453.447
121     41       0.833   -454.625
121     42       0.833   -454.531
121     43       0.833   -454.718
121     44       0.833   -454.488
121     45       0.833   -454.836
121     46       0.833   -454.727
121     47       0.833   -455.403
121     48       0.833   -454.366
121     49       0.833   -454.874
121     50       0.833   -455.487
121     51       0.833   -455.157
121     52       0.833   -454.552
121     53       0.833   -455.216
121     54       0.833   -454.85
121     55       0.833   -455.665
121     56       0.833   -455.041
121     57       0.833   -453.878
121     58       0.833   -454.215
121     59       0.833   -454.079
121     60       0.833   -453.532
121     61       0.833   -453.014
121     62       0.833   -453.292
121     63       0.833   -453.105
121     64       0.833   -453.803
### BC4-V2
#
122     1       0.833   -450.655
122     2       0.833   -449.777
122     3       0.833   -449.786
122     4       0.833   -448.386
122     5       0.833   -449.66
122     6       0.833   -450.575
122     7       0.833   -450.274
122     8       0.833   -451.081
122     9       0.833   -449.674
122     10       0.833   -450.778
122     11       0.833   -451.806
122     12       0.833   -450.421
122     13       0.833   -451.023
122     14       0.833   -450.839
122     15       0.833   -451.463
122     16       0.833   -450.133
122     17       0.833   -451.102
122     18       0.833   -450.717
122     19       0.833   -451.481
122     20       0.833   -451.303
122     21       0.833   -451.379
122     22       0.833   -452.23
122     23       0.833   -451.629
122     24       0.833   -451.394
122     25       0.833   -449.687
122     26       0.833   -449.713
122     27       0.833   -450.528
122     28       0.833   -451.003
122     29       0.833   -450.539
122     30       0.833   -450.743
122     31       0.833   -451.312
122     32       0.833   -450.109
122     33       0.833   -452.325
122     34       0.833   -451.138
122     35       0.833   -452.856
122     36       0.833   -452.029
122     37       0.833   -452.439
122     38       0.833   -451.761
122     39       0.833   -452.878
122     40       0.833   -452.424
122     41       0.833   -451.671
122     42       0.833   -453.091
122     43       0.833   -453.698
122     44       0.833   -453.571
122     45       0.833   -454.06
122     46       0.833   -453.497
122     47       0.833   -454.131
122     48       0.833   -453.77
122     49       0.833   -453.419
122     50       0.833   -453.085
122     51       0.833   -454.972
122     52       0.833   -453.43
122     53       0.833   -453.369
122     54       0.833   -453.257
122     55       0.833   -454.305
122     56       0.833   -452.978
122     57       0.833   -450.839
122     58       0.833   -451.752
122     59       0.833   -452.672
122     60       0.833   -452.418
122     61       0.833   -452.23
122     62       0.833   -452.241
122     63       0.833   -451.774
122     64       0.833   -452.181
### BC4-X1
#
123     1       0.833   -453.812
123     2       0.833   -453.65
123     3       0.833   0
123     4       0.833   0
123     5       0.833   -454.49
123     6       0.833   -453.015
123     7       0.833   -453.929
123     8       0.833   -452.267
123     9       0.833   -453.003
123     10       0.833   -454.129
123     11       0.833   -453.016
123     12       0.833   -453.476
123     13       0.833   -452.351
123     14       0.833   -453.554
123     15       0.833   -452.268
123     16       0.833   -453.046
123     17       0.833   -453.196
123     18       0.833   -453.747
123     19       0.833   -453.223
123     20       0.833   -453.394
123     21       0.833   -452.73
123     22       0.833   -453.151
123     23       0.833   -453.096
123     24       0.833   -452.506
123     25       0.833   -451.929
123     26       0.833   -452.776
123     27       0.833   -452.194
123     28       0.833   -452.783
123     29       0.833   -451.578
123     30       0.833   -453.089
123     31       0.833   -451.628
123     32       0.833   -452.472
123     33       0.833   -452.87
123     34       0.833   -452.772
123     35       0.833   -453.677
123     36       0.833   -452.891
123     37       0.833   -452.842
123     38       0.833   -452.266
123     39       0.833   -453.677
123     40       0.833   -452.207
123     41       0.833   -453.718
123     42       0.833   -453.699
123     43       0.833   -454.352
123     44       0.833   -453.7
123     45       0.833   -453.883
123     46       0.833   -453.917
123     47       0.833   -454.658
123     48       0.833   -454.358
123     49       0.833   -454.162
123     50       0.833   -454.254
123     51       0.833   -453.825
123     52       0.833   -453.669
123     53       0.833   -454.175
123     54       0.833   -453.942
123     55       0.833   -454.271
123     56       0.833   -452.987
123     57       0.833   -453.274
123     58       0.833   -453.421
123     59       0.833   -453.173
123     60       0.833   -453.368
123     61       0.833   -452.333
123     62       0.833   -453.073
123     63       0.833   -452.092
123     64       0.833   -452.387
### BC4-X2
#
124     1       0.833   -448.791
124     2       0.833   -447.393
124     3       0.833   -449.058
124     4       0.833   -446.769
124     5       0.833   -448.534
124     6       0.833   -447.757
124     7       0.833   -448.661
124     8       0.833   -448.515
124     9       0.833   -448.153
124     10       0.833   -448.39
124     11       0.833   -450.48
124     12       0.833   -447.995
124     13       0.833   -448.927
124     14       0.833   -448.129
124     15       0.833   -449.457
124     16       0.833   -447.466
124     17       0.833   -448.34
124     18       0.833   -448.272
124     19       0.833   -448.844
124     20       0.833   -448.838
124     21       0.833   -448.878
124     22       0.833   -449.027
124     23       0.833   -447.916
124     24       0.833   -446.817
124     25       0.833   -446.33
124     26       0.833   -445.941
124     27       0.833   -446.976
124     28       0.833   -447.604
124     29       0.833   -447.082
124     30       0.833   -447.209
124     31       0.833   -448.443
124     32       0.833   -446.817
124     33       0.833   -449.841
124     34       0.833   -449.676
124     35       0.833   -450.292
124     36       0.833   -450.201
124     37       0.833   -450.229
124     38       0.833   -450.596
124     39       0.833   -450.002
124     40       0.833   -450.666
124     41       0.833   -448.888
124     42       0.833   -450.329
124     43       0.833   -451.829
124     44       0.833   -451.859
124     45       0.833   -452.132
124     46       0.833   -451.782
124     47       0.833   -451.826
124     48       0.833   -451.806
124     49       0.833   -451.033
124     50       0.833   -451.659
124     51       0.833   -452.229
124     52       0.833   -451.5
124     53       0.833   -452.139
124     54       0.833   -451.902
124     55       0.833   -451.901
124     56       0.833   -451.459
124     57       0.833   -449.842
124     58       0.833   -449.572
124     59       0.833   -451.64
124     60       0.833   -450.999
124     61       0.833   -451.491
124     62       0.833   -450.294
124     63       0.833   -450.778
124     64       0.833   -449.817
#SDC1-V1
1	1	0.833	-438.013
1	2	0.833	-438.806
1	3	0.833	-440.293
1	4	0.833	-439.603
1	5	0.833	-440.89
1	6	0.833	-442.475
1	7	0.833	-442.039
1	8	0.833	-441.616
1	9	0.833	-440.274
1	10	0.833	-441.173
1	11	0.833	-440.984
1	12	0.833	-441.596
1	13	0.833	-441.988
1	14	0.833	-441.547
1	15	0.833	-440.335
1	16	0.833	-440.689
1	17	0.833	-443.807
1	18	0.833	-444.417
1	19	0.833	-443.967
1	20	0.833	-444.874
1	21	0.833	-444.29
1	22	0.833	-444.825
1	23	0.833	-444.424
1	24	0.833	-443.846
1	25	0.833	-444.151
1	26	0.833	-445.057
1	27	0.833	-443.525
1	28	0.833	-444.458
1	29	0.833	-442.592
1	30	0.833	-442.42
1	31	0.833	-441.767
1	32	0.833	-442.479
1	33	0.833	-444.422
1	34	0.833	-444.127
1	35	0.833	-444.129
1	36	0.833	-444.39
1	37	0.833	-444.943
1	38	0.833	-445.412
1	39	0.833	-444.021
1	40	0.833	-444.202
1	41	0.833	-444.564
1	42	0.833	-444.457
1	43	0.833	-443.823
1	44	0.833	-443.893
1	45	0.833	-443.216
1	46	0.833	-442.909
1	47	0.833	-441.656
1	48	0.833	-442.001
1	49	0.833	-440.159
1	50	0.833	-440.299
1	51	0.833	-441.39
1	52	0.833	-440.283
1	53	0.833	-441.33
1	54	0.833	-441.268
1	55	0.833	-442.016
1	56	0.833	-442.585
1	57	0.833	-443.068
1	58	0.833	-442.906
1	59	0.833	-444.169
1	60	0.833	-444.197
1	61	0.833	-442.742
1	62	0.833	-442.543
1	63	0.833	-441.592
1	64	0.833	-439.52
#SDC1-V2
2	1	0.833	-439.335
2	2	0.833	-439.902
2	3	0.833	-440.058
2	4	0.833	-440.174
2	5	0.833	-442.554
2	6	0.833	-441.961
2	7	0.833	-442.763
2	8	0.833	-442.348
2	9	0.833	-442.658
2	10	0.833	-442.213
2	11	0.833	-443.656
2	12	0.833	-441.676
2	13	0.833	-442.04
2	14	0.833	-440.804
2	15	0.833	-441.092
2	16	0.833	-440.962
2	17	0.833	-444.864
2	18	0.833	-445.64
2	19	0.833	-445.207
2	20	0.833	-445.118
2	21	0.833	-446.829
2	22	0.833	-444.799
2	23	0.833	-445.403
2	24	0.833	-445.073
2	25	0.833	-446.077
2	26	0.833	-445.545
2	27	0.833	-444.695
2	28	0.833	-443.747
2	29	0.833	-443.446
2	30	0.833	-444.201
2	31	0.833	-443.396
2	32	0.833	-443.242
2	33	0.833	-445.255
2	34	0.833	-445.225
2	35	0.833	-444.791
2	36	0.833	-444.234
2	37	0.833	-446.436
2	38	0.833	-445.369
2	39	0.833	-445.255
2	40	0.833	-445.158
2	41	0.833	-446.449
2	42	0.833	-444.876
2	43	0.833	-445.278
2	44	0.833	-444.092
2	45	0.833	-444.082
2	46	0.833	-443.865
2	47	0.833	-443.021
2	48	0.833	-442.402
2	49	0.833	-441.362
2	50	0.833	-441.239
2	51	0.833	-440.619
2	52	0.833	-440.914
2	53	0.833	-442.753
2	54	0.833	-441.447
2	55	0.833	-443.642
2	56	0.833	-442.797
2	57	0.833	-444.26
2	58	0.833	-442.923
2	59	0.833	-442.924
2	60	0.833	-442.153
2	61	0.833	-443.082
2	62	0.833	-442.963
2	63	0.833	-440.865
2	64	0.833	-441.082
#SDC1-X1
3	1	0.833	-443.055
3	2	0.833	-444.715
3	3	0.833	-445.003
3	4	0.833	-444.499
3	5	0.833	-446.201
3	6	0.833	-445.424
3	7	0.833	-446.353
3	8	0.833	-445.838
3	9	0.833	-447.098
3	10	0.833	-446.054
3	11	0.833	-447.001
3	12	0.833	-446.729
3	13	0.833	-446.648
3	14	0.833	-446.458
3	15	0.833	-445.67
3	16	0.833	-444.658
3	17	0.833	-443.79
3	18	0.833	-444.942
3	19	0.833	-445.372
3	20	0.833	-445.526
3	21	0.833	-446.094
3	22	0.833	-445.873
3	23	0.833	-445.936
3	24	0.833	-445.397
3	25	0.833	-446.765
3	26	0.833	-446.267
3	27	0.833	-445.72
3	28	0.833	-444.801
3	29	0.833	-444.283
3	30	0.833	-444.361
3	31	0.833	-444.318
3	32	0.833	-443.922
3	33	0.833	-442.686
3	34	0.833	-442.007
3	35	0.833	-443.158
3	36	0.833	-442.109
3	37	0.833	-444.816
3	38	0.833	-443.947
3	39	0.833	-444.731
3	40	0.833	-443.588
3	41	0.833	-444.177
3	42	0.833	-443.838
3	43	0.833	-442.489
3	44	0.833	-440.633
3	45	0.833	-442.251
3	46	0.833	-442.591
3	47	0.833	-442.08
3	48	0.833	-441.744
3	49	0.833	-439.908
3	50	0.833	-439.683
3	51	0.833	-440.511
3	52	0.833	-440.079
3	53	0.833	-437.673
3	54	0.833	-440.145
3	55	0.833	-441.317
3	56	0.833	-441.802
3	57	0.833	-442.3
3	58	0.833	-442.536
3	59	0.833	-443.701
3	60	0.833	-441.637
3	61	0.833	-441.56
3	62	0.833	-441.746
3	63	0.833	-440.355
3	64	0.833	-440.114
#SDC1-X2
4	1	0.833	-441.944
4	2	0.833	-444.853
4	3	0.833	-444.356
4	4	0.833	-444.753
4	5	0.833	-444.799
4	6	0.833	-445.797
4	7	0.833	-445.531
4	8	0.833	-445.412
4	9	0.833	-446.53
4	10	0.833	-446.733
4	11	0.833	-446.748
4	12	0.833	-447.403
4	13	0.833	-445.976
4	14	0.833	-446.478
4	15	0.833	-444.712
4	16	0.833	-444.777
4	17	0.833	-443.681
4	18	0.833	-445.33
4	19	0.833	-444.839
4	20	0.833	-445.692
4	21	0.833	-444.874
4	22	0.833	-444.919
4	23	0.833	-445.229
4	24	0.833	-444.93
4	25	0.833	-444.957
4	26	0.833	-444.804
4	27	0.833	-444.358
4	28	0.833	-445.008
4	29	0.833	-444.199
4	30	0.833	-443.892
4	31	0.833	-443.456
4	32	0.833	-443.339
4	33	0.833	-442.624
4	34	0.833	-442.882
4	35	0.833	-442.508
4	36	0.833	-442.118
4	37	0.833	-443.422
4	38	0.833	-444.529
4	39	0.833	-444.741
4	40	0.833	-444.315
4	41	0.833	-443.749
4	42	0.833	-443.88
4	43	0.833	-443.309
4	44	0.833	-443.335
4	45	0.833	-442.629
4	46	0.833	-442.179
4	47	0.833	-441.377
4	48	0.833	-441.404
4	49	0.833	-439.552
4	50	0.833	-439.938
4	51	0.833	-441.098
4	52	0.833	-439.803
4	53	0.833	-440.09
4	54	0.833	-440.74
4	55	0.833	-440.647
4	56	0.833	-440.431
4	57	0.833	-440.851
4	58	0.833	-441.325
4	59	0.833	-441.928
4	60	0.833	-441.382
4	61	0.833	-441.98
4	62	0.833	-441.986
4	63	0.833	-440.16
4	64	0.833	-439.021
#SDC1-U1
5	1	0.833	-441.775
5	2	0.833	-443.463
5	3	0.833	-445.073
5	4	0.833	-445.018
5	5	0.833	-445.389
5	6	0.833	-443.345
5	7	0.833	-445.109
5	8	0.833	-445.218
5	9	0.833	-446.908
5	10	0.833	-445.834
5	11	0.833	-445.83
5	12	0.833	-446.48
5	13	0.833	-445.939
5	14	0.833	-444.898
5	15	0.833	-445.116
5	16	0.833	-444.635
5	17	0.833	-444.089
5	18	0.833	-444.138
5	19	0.833	-444.719
5	20	0.833	-443.08
5	21	0.833	-445.438
5	22	0.833	-445.715
5	23	0.833	-445.293
5	24	0.833	-445.585
5	25	0.833	-446.47
5	26	0.833	-444.898
5	27	0.833	-445.309
5	28	0.833	-444.637
5	29	0.833	-444.365
5	30	0.833	-443.671
5	31	0.833	-443.536
5	32	0.833	-444.956
5	33	0.833	-442.007
5	34	0.833	-441.477
5	35	0.833	-442.954
5	36	0.833	-441.28
5	37	0.833	-442.163
5	38	0.833	-442.598
5	39	0.833	-442.41
5	40	0.833	-441.851
5	41	0.833	-441.067
5	42	0.833	-442.527
5	43	0.833	-440.962
5	44	0.833	-441.31
5	45	0.833	-442.817
5	46	0.833	-441.298
5	47	0.833	-440.003
5	48	0.833	-440.937
5	49	0.833	-442.634
5	50	0.833	-442.981
5	51	0.833	-442.299
5	52	0.833	-442.969
5	53	0.833	-442.841
5	54	0.833	-442.619
5	55	0.833	-443.225
5	56	0.833	-443.716
5	57	0.833	-444.624
5	58	0.833	-444.597
5	59	0.833	-444.673
5	60	0.833	-446.129
5	61	0.833	-445.302
5	62	0.833	-445.702
5	63	0.833	-444.504
5	64	0.833	-441.826
#SDC1-U2
6	1	0.833	-442.594
6	2	0.833	-442.947
6	3	0.833	-443.456
6	4	0.833	-444.143
6	5	0.833	-445.445
6	6	0.833	-445.033
6	7	0.833	-445.576
6	8	0.833	-445.054
6	9	0.833	-447.377
6	10	0.833	-446.308
6	11	0.833	-446.496
6	12	0.833	-446.445
6	13	0.833	-445.32
6	14	0.833	-445.546
6	15	0.833	-445.214
6	16	0.833	-445.185
6	17	0.833	-443.668
6	18	0.833	-444.244
6	19	0.833	-443.786
6	20	0.833	-442.746
6	21	0.833	-445.795
6	22	0.833	-445.133
6	23	0.833	-445.106
6	24	0.833	-444.496
6	25	0.833	-445.182
6	26	0.833	-445.069
6	27	0.833	-444.796
6	28	0.833	-442.015
6	29	0.833	-443.501
6	30	0.833	-443.158
6	31	0.833	-443.489
6	32	0.833	-443.17
6	33	0.833	-441.991
6	34	0.833	-441.21
6	35	0.833	-441.173
6	36	0.833	-440.626
6	37	0.833	-442.481
6	38	0.833	-441.56
6	39	0.833	-441.542
6	40	0.833	-440.93
6	41	0.833	-441.735
6	42	0.833	-442.845
6	43	0.833	-443.133
6	44	0.833	-440.154
6	45	0.833	-440.883
6	46	0.833	-441.963
6	47	0.833	-454.297
6	48	0.833	-441.16
6	49	0.833	-442.082
6	50	0.833	-442.957
6	51	0.833	-442.153
6	52	0.833	-442.063
6	53	0.833	-443.638
6	54	0.833	-443.472
6	55	0.833	-443.706
6	56	0.833	-443.675
6	57	0.833	-444.869
6	58	0.833	-443.377
6	59	0.833	-444.936
6	60	0.833	-444.982
6	61	0.833	-445.759
6	62	0.833	-445.175
6	63	0.833	-443.772
6	64	0.833	-443.772

#SDC2-X1
7	1	0.833	-945.532
7	2	0.833	-953.972
7	3	0.833	-954.916
7	4	0.833	-953.94
7	5	0.833	-953.22
7	6	0.833	-957.185
7	7	0.833	-953.64
7	8	0.833	-955.805
7	9	0.833	-954.838
7	10	0.833	-956.342
7	11	0.833	-955.95
7	12	0.833	-956.241
7	13	0.833	-955.333
7	14	0.833	-958.495
7	15	0.833	-955.225
7	16	0.833	-953.512
7	17	0.833	-955.193
7	18	0.833	-956.058
7	19	0.833	-953.781
7	20	0.833	-958.625
7	21	0.833	-954.645
7	22	0.833	-954.911
7	23	0.833	-955.605
7	24	0.833	-955.888
7	25	0.833	-958.998
7	26	0.833	-956.969
7	27	0.833	-956.442
7	28	0.833	-957.463
7	29	0.833	-954.357
7	30	0.833	-955.664
7	31	0.833	-955.789
7	32	0.833	-954.359
7	33	0.833	-954.516
7	34	0.833	-955.109
7	35	0.833	-956.223
7	36	0.833	-955.221
7	37	0.833	-955.135
7	38	0.833	-955.732
7	39	0.833	-956.094
7	40	0.833	-954.488
7	41	0.833	-954.233
7	42	0.833	-953.672
7	43	0.833	-953.787
7	44	0.833	-952.617
7	45	0.833	-955.358
7	46	0.833	-954.55
7	47	0.833	-952.715
7	48	0.833	-954.446
7	49	0.833	-954.774
7	50	0.833	-955.84
7	51	0.833	-954.487
7	52	0.833	-954.167
7	53	0.833	-953.293
7	54	0.833	-954.652
7	55	0.833	-953.458
7	56	0.833	-956.482
7	57	0.833	-953.594
7	58	0.833	-954.77
7	59	0.833	-954.213
7	60	0.833	-955.73
7	61	0.833	-953.065
7	62	0.833	-954.37
7	63	0.833	-954.573
7	64	0.833	-954.297
7	65	0.833	-954.01
7	66	0.833	-955.466
7	67	0.833	-954.566
7	68	0.833	-953.342
7	69	0.833	-953.418
7	70	0.833	-946.196
#SDC2-X2
8	1	0.833	-954.689
8	2	0.833	-957.435
8	3	0.833	-958.424
8	4	0.833	-958.464
8	5	0.833	-961.141
8	6	0.833	-960.407
8	7	0.833	-960.006
8	8	0.833	-961.157
8	9	0.833	-957.44
8	10	0.833	-958.221
8	11	0.833	-958.172
8	12	0.833	-955.974
8	13	0.833	-959.946
8	14	0.833	-960.512
8	15	0.833	-956.805
8	16	0.833	-955.152
8	17	0.833	-958.396
8	18	0.833	-958.536
8	19	0.833	-956.633
8	20	0.833	-957.188
8	21	0.833	-958.796
8	22	0.833	-958.558
8	23	0.833	-959.657
8	24	0.833	-957.403
8	25	0.833	-958.952
8	26	0.833	-957.813
8	27	0.833	-958.865
8	28	0.833	-956.477
8	29	0.833	-957.158
8	30	0.833	-959.999
8	31	0.833	-958.319
8	32	0.833	-958.863
8	33	0.833	-956.296
8	34	0.833	-956.534
8	35	0.833	-956.78
8	36	0.833	-957.214
8	37	0.833	-957.611
8	38	0.833	-957.887
8	39	0.833	-956.126
8	40	0.833	-956.204
8	41	0.833	-955.642
8	42	0.833	-956.148
8	43	0.833	-955.829
8	44	0.833	-954.848
8	45	0.833	-957.411
8	46	0.833	-957.414
8	47	0.833	-956.321
8	48	0.833	-954.994
8	49	0.833	-957.989
8	50	0.833	-957.594
8	51	0.833	-957.661
8	52	0.833	-957.251
8	53	0.833	-958.777
8	54	0.833	-958.227
8	55	0.833	-957.751
8	56	0.833	-958.451
8	57	0.833	-956.69
8	58	0.833	-956.666
8	59	0.833	-956.871
8	60	0.833	-956.43
8	61	0.833	-956.772
8	62	0.833	-957.939
8	63	0.833	-956.893
8	64	0.833	-957.714
8	65	0.833	-957.137
8	66	0.833	-957.602
8	67	0.833	-956.905
8	68	0.833	-957.51
8	69	0.833	-955.476
8	70	0.833	-946.087
#SDC2-Y1
9	1	0.833	-959.988
9	2	0.833	-960.639
9	3	0.833	-959.882
9	4	0.833	-960.544
9	5	0.833	-958.589
9	6	0.833	-960.169
9	7	0.833	-959.182
9	8	0.833	-957.355
9	9	0.833	-955.56
9	10	0.833	-958.269
9	11	0.833	-957.521
9	12	0.833	-957.436
9	13	0.833	-956.579
9	14	0.833	-956.587
9	15	0.833	-954.365
9	16	0.833	-953.498
9	17	0.833	-956.972
9	18	0.833	-956.776
9	19	0.833	-956.335
9	20	0.833	-959.021
9	21	0.833	-954.107
9	22	0.833	-955.761
9	23	0.833	-955.492
9	24	0.833	-954.89
9	25	0.833	-956.893
9	26	0.833	-960.747
9	27	0.833	-958.775
9	28	0.833	-958.249
9	29	0.833	-957.268
9	30	0.833	-960.223
9	31	0.833	-957.995
9	32	0.833	-957.849
9	33	0.833	-959.343
9	34	0.833	-958.837
9	35	0.833	-959.722
9	36	0.833	-958.624
9	37	0.833	-955.401
9	38	0.833	-957.636
9	39	0.833	-956.58
9	40	0.833	-952.743
#SDC2-Y2
10	1	0.833	-947.943
10	2	0.833	-955.263
10	3	0.833	-953.968
10	4	0.833	-952.28
10	5	0.833	-956.658
10	6	0.833	-956.48
10	7	0.833	-955.883
10	8	0.833	-956.925
10	9	0.833	-952.938
10	10	0.833	-952.999
10	11	0.833	-952.801
10	12	0.833	-952.521
10	13	0.833	-953.189
10	14	0.833	-952.167
10	15	0.833	-950.723
10	16	0.833	-951.09
10	17	0.833	-950.625
10	18	0.833	-949.998
10	19	0.833	-949.218
10	20	0.833	-948.906
10	21	0.833	-951.603
10	22	0.833	-951.744
10	23	0.833	-950.41
10	24	0.833	-950.381
10	25	0.833	-952.803
10	26	0.833	-954.06
10	27	0.833	-953.556
10	28	0.833	-952.425
10	29	0.833	-955.334
10	30	0.833	-953.668
10	31	0.833	-952.223
10	32	0.833	-952.959
10	33	0.833	-947.962
10	34	0.833	-954.425
10	35	0.833	-953.636
10	36	0.833	-950.85
10	37	0.833	-953.446
10	38	0.833	-953.547
10	39	0.833	-950.492
10	40	0.833	-944.76



### SDC3-X1
#
31     1       0.833   -867.275
31     2       0.833   -868.871
31     3       0.833   -869.607
31     4       0.833   -869.742
31     5       0.833   -870.687
31     6       0.833   -870.392
31     7       0.833   -870.79
31     8       0.833   -870.398
31     9       0.833   -872.209
31     10       0.833   -873.224
31     11       0.833   -872.601
31     12       0.833   -872.294
31     13       0.833   -872.238
31     14       0.833   -869.684
31     15       0.833   -870.378
31     16       0.833   -868.493
31     17       0.833   -867.467
31     18       0.833   -867.438
31     19       0.833   -866.978
31     20       0.833   -866.16
31     21       0.833   -865.934
31     22       0.833   -866.07
31     23       0.833   -865.758
31     24       0.833   -864.425
31     25       0.833   -866.923
31     26       0.833   -865.567
31     27       0.833   -864.049
31     28       0.833   -866.162
31     29       0.833   -862.016
31     30       0.833   -864.219
31     31       0.833   -863.568
31     32       0.833   -863.735
31     33       0.833   -864.42
31     34       0.833   -864.7
31     35       0.833   -864.858
31     36       0.833   -863.653
31     37       0.833   -864.442
31     38       0.833   -863.295
31     39       0.833   -865.105
31     40       0.833   -864.304
31     41       0.833   -864.455
31     42       0.833   -866.407
31     43       0.833   -866.509
31     44       0.833   -866.583
31     45       0.833   -864.848
31     46       0.833   -863.667
31     47       0.833   -865.015
31     48       0.833   -865.336
31     49       0.833   -864.457
31     50       0.833   -864.185
31     51       0.833   -865.109
31     52       0.833   -865.065
31     53       0.833   -865.772
31     54       0.833   -866.018
31     55       0.833   -867.112
31     56       0.833   -866.357
31     57       0.833   -866.97
31     58       0.833   -867.7
31     59       0.833   -867.228
31     60       0.833   -869.092
31     61       0.833   -868.219
31     62       0.833   -867.522
31     63       0.833   -868.142
31     64       0.833   -868.569
31     65       0.833   -865.57
31     66       0.833   -865.641
31     67       0.833   -865.684
31     68       0.833   -865.717
31     69       0.833   -865.842
31     70       0.833   -865.725
31     71       0.833   -865.543
31     72       0.833   -865.444
31     73       0.833   -865.352
31     74       0.833   -866.505
31     75       0.833   -865.843
31     76       0.833   -865.995
31     77       0.833   -865.816
31     78       0.833   -866.184
31     79       0.833   -866.206
31     80       0.833   -865.147
31     81       0.833   -863.63
31     82       0.833   -864.208
31     83       0.833   -862.725
31     84       0.833   -864.954
31     85       0.833   -863.992
31     86       0.833   -865.036
31     87       0.833   -865.354
31     88       0.833   -864.775
31     89       0.833   -862.508
31     90       0.833   -865.38
31     91       0.833   -864.5
31     92       0.833   -865.52
31     93       0.833   -865.657
31     94       0.833   -864.876
31     95       0.833   -865.824
31     96       0.833   -865.559
31     97       0.833   -864.188
31     98       0.833   -864.594
31     99       0.833   -864.555
31     100       0.833   -864.001
31     101       0.833   -864.192
31     102       0.833   -863.313
31     103       0.833   -864.334
31     104       0.833   -863.74
31     105       0.833   -864.946
31     106       0.833   -864.537
31     107       0.833   -864.467
31     108       0.833   -863.675
31     109       0.833   -863.306
31     110       0.833   -860.964
31     111       0.833   -860.994
31     112       0.833   -861.332
31     113       0.833   -861.312
31     114       0.833   -860.314
31     115       0.833   -861.459
31     116       0.833   -860.654
31     117       0.833   -862.256
31     118       0.833   -861.369
31     119       0.833   -862.248
31     120       0.833   -860.849
31     121       0.833   -863.914
31     122       0.833   -863.06
31     123       0.833   -863.748
31     124       0.833   -862.359
31     125       0.833   -861.426
31     126       0.833   -860.261
31     127       0.833   -860.643
31     128       0.833   -858.412
### SDC3-X2
#
32     1       0.833   -869.995
32     2       0.833   -871.891
32     3       0.833   -870.812
32     4       0.833   -870.98
32     5       0.833   -871.235
32     6       0.833   -870.027
32     7       0.833   -870.135
32     8       0.833   -869.762
32     9       0.833   -872.701
32     10       0.833   -873.325
32     11       0.833   -873.198
32     12       0.833   -873.15
32     13       0.833   -870.887
32     14       0.833   -870.568
32     15       0.833   -869.504
32     16       0.833   -869.531
32     17       0.833   -867.405
32     18       0.833   -867.49
32     19       0.833   -868.824
32     20       0.833   -867.157
32     21       0.833   -867.765
32     22       0.833   -868.101
32     23       0.833   -866.9
32     24       0.833   -866.064
32     25       0.833   -870.014
32     26       0.833   -868.867
32     27       0.833   -867.499
32     28       0.833   -868.094
32     29       0.833   -865.494
32     30       0.833   -866.114
32     31       0.833   -866.671
32     32       0.833   -865.883
32     33       0.833   -866.528
32     34       0.833   -866.889
32     35       0.833   -868.185
32     36       0.833   -867.45
32     37       0.833   -868.516
32     38       0.833   -868.055
32     39       0.833   -867.35
32     40       0.833   -866.276
32     41       0.833   -871.751
32     42       0.833   -868.858
32     43       0.833   -868.86
32     44       0.833   -869.3
32     45       0.833   -867.851
32     46       0.833   -867.413
32     47       0.833   -868.321
32     48       0.833   -869.01
32     49       0.833   -867.997
32     50       0.833   -867.137
32     51       0.833   -867.819
32     52       0.833   -865.793
32     53       0.833   -868.918
32     54       0.833   -866.861
32     55       0.833   -868.218
32     56       0.833   -866.923
32     57       0.833   -871.682
32     58       0.833   -871.165
32     59       0.833   -871.234
32     60       0.833   -871.445
32     61       0.833   -869.459
32     62       0.833   -869.924
32     63       0.833   -868.348
32     64       0.833   -868.458
32     65       0.833   -870.995
32     66       0.833   -870.441
32     67       0.833   -870.347
32     68       0.833   -870.853
32     69       0.833   -870.924
32     70       0.833   -870.136
32     71       0.833   -871.257
32     72       0.833   -869.792
32     73       0.833   -871.017
32     74       0.833   -870.95
32     75       0.833   -869.69
32     76       0.833   -871.153
32     77       0.833   -868.197
32     78       0.833   -868.413
32     79       0.833   -867.132
32     80       0.833   -866.915
32     81       0.833   -867.794
32     82       0.833   -867.501
32     83       0.833   -869.931
32     84       0.833   -869.083
32     85       0.833   -868.805
32     86       0.833   -868.272
32     87       0.833   -868.695
32     88       0.833   -868.789
32     89       0.833   -871.402
32     90       0.833   -871.049
32     91       0.833   -870.77
32     92       0.833   -870.224
32     93       0.833   -867.845
32     94       0.833   -867.189
32     95       0.833   -868.008
32     96       0.833   -867.378
32     97       0.833   -868.9
32     98       0.833   -867.967
32     99       0.833   -867.983
32     100       0.833   -867.886
32     101       0.833   -868.345
32     102       0.833   -866.957
32     103       0.833   -868.776
32     104       0.833   -867.946
32     105       0.833   -868.358
32     106       0.833   -868.595
32     107       0.833   -868.061
32     108       0.833   -867.989
32     109       0.833   -867.204
32     110       0.833   -866.114
32     111       0.833   -867.469
32     112       0.833   -866.84
32     113       0.833   -865.308
32     114       0.833   -864.168
32     115       0.833   -865.741
32     116       0.833   -864.743
32     117       0.833   -866.97
32     118       0.833   -865.302
32     119       0.833   -866.648
32     120       0.833   -865.133
32     121       0.833   -867.664
32     122       0.833   -867.033
32     123       0.833   -867.274
32     124       0.833   -866.863
32     125       0.833   -865.324
32     126       0.833   -865.328
32     127       0.833   -864.497
32     128       0.833   -861.319
### SDC3-Y1
#
33     1       0.833   -869.429
33     2       0.833   -874.027
33     3       0.833   -873.723
33     4       0.833   -871.969
33     5       0.833   -875.489
33     6       0.833   -874.018
33     7       0.833   -872.946
33     8       0.833   -872.534
33     9       0.833   -871.408
33     10       0.833   -871.048
33     11       0.833   -870.843
33     12       0.833   -868.531
33     13       0.833   -870.653
33     14       0.833   -871.598
33     15       0.833   -870.2
33     16       0.833   -870.137
33     17       0.833   -870.592
33     18       0.833   -871.3
33     19       0.833   -869.906
33     20       0.833   -871.372
33     21       0.833   -871.714
33     22       0.833   -871.245
33     23       0.833   -871.628
33     24       0.833   -871.26
33     25       0.833   -869.61
33     26       0.833   -870.303
33     27       0.833   -870.542
33     28       0.833   -868.793
33     29       0.833   -869.288
33     30       0.833   -870.831
33     31       0.833   -869.947
33     32       0.833   -870.672
33     33       0.833   -870.965
33     34       0.833   -871.038
33     35       0.833   -870.661
33     36       0.833   -870.643
33     37       0.833   -870.076
33     38       0.833   -870.37
33     39       0.833   -870.881
33     40       0.833   -869.208
33     41       0.833   -868.277
33     42       0.833   -869.096
33     43       0.833   -869.733
33     44       0.833   -868.88
33     45       0.833   -868.679
33     46       0.833   -868.812
33     47       0.833   -867.654
33     48       0.833   -866.674
33     49       0.833   -868.692
33     50       0.833   -868.378
33     51       0.833   -868.927
33     52       0.833   -868.048
33     53       0.833   -870.828
33     54       0.833   -871.242
33     55       0.833   -870.165
33     56       0.833   -871.552
33     57       0.833   -869.724
33     58       0.833   -871.067
33     59       0.833   -870.701
33     60       0.833   -870.128
33     61       0.833   -869.006
33     62       0.833   -869.128
33     63       0.833   -870.168
33     64       0.833   -869.195
33     65       0.833   -867.323
33     66       0.833   -867.843
33     67       0.833   -867.622
33     68       0.833   -870.203
33     69       0.833   -870.637
33     70       0.833   -871.033
33     71       0.833   -869.901
33     72       0.833   -870.594
33     73       0.833   -864.8
33     74       0.833   -867.873
33     75       0.833   -867.886
33     76       0.833   -868.499
33     77       0.833   -868.724
33     78       0.833   -869.542
33     79       0.833   -867.972
33     80       0.833   -868.97
33     81       0.833   -870.852
33     82       0.833   -871.418
33     83       0.833   -871.333
33     84       0.833   -870.857
33     85       0.833   -870.569
33     86       0.833   -871.419
33     87       0.833   -871.133
33     88       0.833   -867.986
33     89       0.833   -867.56
33     90       0.833   -868.063
33     91       0.833   -868.745
33     92       0.833   -870.292
33     93       0.833   -869.374
33     94       0.833   -869.305
33     95       0.833   -869.156
33     96       0.833   -869.149
33     97       0.833   -867.147
33     98       0.833   -866.397
33     99       0.833   -867.795
33     100       0.833   -866.849
33     101       0.833   -866.885
33     102       0.833   -868.459
33     103       0.833   -868.835
33     104       0.833   -870.832
33     105       0.833   -866.045
33     106       0.833   -867.246
33     107       0.833   -867.856
33     108       0.833   -867.084
33     109       0.833   -865.309
33     110       0.833   -867.373
33     111       0.833   -866.152
33     112       0.833   -865.834
33     113       0.833   -867.03
33     114       0.833   -868.144
33     115       0.833   -869.52
33     116       0.833   -869.857
33     117       0.833   -869.378
33     118       0.833   -870.857
33     119       0.833   -871.01
33     120       0.833   -869.357
33     121       0.833   -868.28
33     122       0.833   -866.664
33     123       0.833   -869.076
33     124       0.833   -869.774
33     125       0.833   -870.104
33     126       0.833   -868.491
33     127       0.833   -868.787
33     128       0.833   -867.371
### SDC3-Y2
#
34     1       0.833   -868.819
34     2       0.833   -868.933
34     3       0.833   -871.179
34     4       0.833   -873.66
34     5       0.833   -870.572
34     6       0.833   -872.34
34     7       0.833   -872.804
34     8       0.833   -869.399
34     9       0.833   -869.609
34     10       0.833   -871.436
34     11       0.833   -869.026
34     12       0.833   -869.465
34     13       0.833   -867.521
34     14       0.833   -869.285
34     15       0.833   -867.65
34     16       0.833   -868.554
34     17       0.833   -868.352
34     18       0.833   -868.387
34     19       0.833   -868.655
34     20       0.833   -870.138
34     21       0.833   -869.179
34     22       0.833   -867.916
34     23       0.833   -869.301
34     24       0.833   -868.373
34     25       0.833   -868.237
34     26       0.833   -867.619
34     27       0.833   -866.951
34     28       0.833   -866.904
34     29       0.833   -867.042
34     30       0.833   -868.061
34     31       0.833   -867.391
34     32       0.833   -868.321
34     33       0.833   -866.914
34     34       0.833   -867.624
34     35       0.833   -866.992
34     36       0.833   -866.905
34     37       0.833   -868.63
34     38       0.833   -868.028
34     39       0.833   -867.981
34     40       0.833   -867.926
34     41       0.833   -866.573
34     42       0.833   -866.977
34     43       0.833   -867.467
34     44       0.833   -867.535
34     45       0.833   -867.3
34     46       0.833   -867.111
34     47       0.833   -865.823
34     48       0.833   -866.572
34     49       0.833   -867.221
34     50       0.833   -867.516
34     51       0.833   -867.559
34     52       0.833   -867.413
34     53       0.833   -870.019
34     54       0.833   -869.564
34     55       0.833   -869.2
34     56       0.833   -868.827
34     57       0.833   -867.655
34     58       0.833   -867.959
34     59       0.833   -867.919
34     60       0.833   -867.953
34     61       0.833   -868.278
34     62       0.833   -868.334
34     63       0.833   -866.73
34     64       0.833   -867.101
34     65       0.833   -864.472
34     66       0.833   -865.05
34     67       0.833   -866.377
34     68       0.833   -864.934
34     69       0.833   -868.454
34     70       0.833   -867.52
34     71       0.833   -867.624
34     72       0.833   -868.153
34     73       0.833   -863.78
34     74       0.833   -865.762
34     75       0.833   -865.474
34     76       0.833   -867.031
34     77       0.833   -863.826
34     78       0.833   -866.782
34     79       0.833   -866.465
34     80       0.833   -867.295
34     81       0.833   -865.969
34     82       0.833   -867.234
34     83       0.833   -866.7
34     84       0.833   -866.788
34     85       0.833   -866.32
34     86       0.833   -867.732
34     87       0.833   -867.687
34     88       0.833   -868.042
34     89       0.833   -863.219
34     90       0.833   -864.626
34     91       0.833   -866.254
34     92       0.833   -866.937
34     93       0.833   -865.438
34     94       0.833   -867.043
34     95       0.833   -865.369
34     96       0.833   -865.32
34     97       0.833   -864.722
34     98       0.833   -864.769
34     99       0.833   -864.985
34     100       0.833   -863.668
34     101       0.833   -866.127
34     102       0.833   -866.707
34     103       0.833   -865.973
34     104       0.833   -867.505
34     105       0.833   -862.837
34     106       0.833   -864.708
34     107       0.833   -867.164
34     108       0.833   -864.615
34     109       0.833   -864.297
34     110       0.833   -865.181
34     111       0.833   -862.383
34     112       0.833   -862.779
34     113       0.833   -864.016
34     114       0.833   -863.651
34     115       0.833   -863.227
34     116       0.833   -864.629
34     117       0.833   -865.628
34     118       0.833   -868.244
34     119       0.833   -868.07
34     120       0.833   -868.434
34     121       0.833   -865.786
34     122       0.833   -866
34     123       0.833   -867.757
34     124       0.833   -867.011
34     125       0.833   -865.84
34     126       0.833   -867.624
34     127       0.833   -864.414
34     128       0.833   -860.079
### SDC4-Y1
#
35     1       0.833   -847.987
35     2       0.833   -847.092
35     3       0.833   -849.011
35     4       0.833   -850.657
35     5       0.833   -848.763
35     6       0.833   -849.382
35     7       0.833   -849.794
35     8       0.833   -845.319
35     9       0.833   -847.413
35     10       0.833   -846.515
35     11       0.833   -848.21
35     12       0.833   -847.962
35     13       0.833   -844.009
35     14       0.833   -843.909
35     15       0.833   -844.787
35     16       0.833   -844.974
35     17       0.833   -843.933
35     18       0.833   -842.37
35     19       0.833   -843.865
35     20       0.833   -844.458
35     21       0.833   -843.281
35     22       0.833   -844.199
35     23       0.833   -843.912
35     24       0.833   -842.25
35     25       0.833   -843.138
35     26       0.833   -841.779
35     27       0.833   -843.193
35     28       0.833   -843.992
35     29       0.833   -844.378
35     30       0.833   -844.606
35     31       0.833   -843.983
35     32       0.833   -846.606
35     33       0.833   -852.932
35     34       0.833   -848.431
35     35       0.833   -848.447
35     36       0.833   -847.982
35     37       0.833   -848.866
35     38       0.833   -846.728
35     39       0.833   -846.376
35     40       0.833   -845.651
35     41       0.833   -845.623
35     42       0.833   -845.25
35     43       0.833   -846.899
35     44       0.833   -847.13
35     45       0.833   -848.068
35     46       0.833   -845.935
35     47       0.833   -846.595
35     48       0.833   -845.677
35     49       0.833   -847.402
35     50       0.833   -844.798
35     51       0.833   -847.633
35     52       0.833   -846.385
35     53       0.833   -848.345
35     54       0.833   -847.761
35     55       0.833   -848.375
35     56       0.833   -846.548
35     57       0.833   -847.712
35     58       0.833   -845.322
35     59       0.833   -849.794
35     60       0.833   -852.207
35     61       0.833   -851.621
35     62       0.833   -853.883
35     63       0.833   -851.735
35     64       0.833   -849.61
### SDC4-Y2
#
36     1       0.833   -855.601
36     2       0.833   -857.344
36     3       0.833   -855.593
36     4       0.833   -855.859
36     5       0.833   -854.446
36     6       0.833   -853.379
36     7       0.833   -851.014
36     8       0.833   -853.716
36     9       0.833   -852.195
36     10       0.833   -853.921
36     11       0.833   -853.432
36     12       0.833   -853.283
36     13       0.833   -849.059
36     14       0.833   -850.586
36     15       0.833   -849.958
36     16       0.833   -851.356
36     17       0.833   -848.198
36     18       0.833   -848.54
36     19       0.833   -845.415
36     20       0.833   -850.736
36     21       0.833   -848.011
36     22       0.833   -848.154
36     23       0.833   -847.805
36     24       0.833   -846.92
36     25       0.833   -847.082
36     26       0.833   -848.318
36     27       0.833   -848.186
36     28       0.833   -847.89
36     29       0.833   -848.54
36     30       0.833   -849.534
36     31       0.833   -848.893
36     32       0.833   -851.655
36     33       0.833   -853.306
36     34       0.833   -853.183
36     35       0.833   -852.875
36     36       0.833   -853.174
36     37       0.833   -852.568
36     38       0.833   -852.491
36     39       0.833   -850.054
36     40       0.833   -851.557
36     41       0.833   -850.242
36     42       0.833   -851.58
36     43       0.833   -850.771
36     44       0.833   -851.613
36     45       0.833   -851.948
36     46       0.833   -851.509
36     47       0.833   -852.377
36     48       0.833   -852.299
36     49       0.833   -852.25
36     50       0.833   -852.072
36     51       0.833   -850.547
36     52       0.833   -853.714
36     53       0.833   -851.994
36     54       0.833   -852.703
36     55       0.833   -852.234
36     56       0.833   -851.123
36     57       0.833   -851.896
36     58       0.833   -854.087
36     59       0.833   -854.622
36     60       0.833   -854.558
36     61       0.833   -857.953
36     62       0.833   -857.732
36     63       0.833   -855.532
36     64       0.833   -852.987
### SDC4-X1
#
37     1       0.833   -863.7
37     2       0.833   -864.488
37     3       0.833   -863.923
37     4       0.833   -864.873
37     5       0.833   -863.755
37     6       0.833   -861.785
37     7       0.833   -863.875
37     8       0.833   -866.039
37     9       0.833   -865.943
37     10       0.833   -864.173
37     11       0.833   -862.507
37     12       0.833   -859.389
37     13       0.833   -860.825
37     14       0.833   -859.267
37     15       0.833   -859.373
37     16       0.833   -856.792
37     17       0.833   -860.289
37     18       0.833   -858.165
37     19       0.833   -860.576
37     20       0.833   -859.373
37     21       0.833   -860.828
37     22       0.833   -860.776
37     23       0.833   -861.249
37     24       0.833   -860.836
37     25       0.833   -859.603
37     26       0.833   -860.044
37     27       0.833   -858.561
37     28       0.833   -856.374
37     29       0.833   -858.349
37     30       0.833   -856.413
37     31       0.833   -856.989
37     32       0.833   -856.279
37     33       0.833   -858.613
37     34       0.833   -858.933
37     35       0.833   -859.684
37     36       0.833   -860.13
37     37       0.833   -859.678
37     38       0.833   -858.902
37     39       0.833   -858.578
37     40       0.833   -858.313
37     41       0.833   -858.33
37     42       0.833   -858.932
37     43       0.833   -858.291
37     44       0.833   -859.355
37     45       0.833   -858.251
37     46       0.833   -858.828
37     47       0.833   -858.672
37     48       0.833   -858.531
37     49       0.833   -859.122
37     50       0.833   -857.573
37     51       0.833   -858.949
37     52       0.833   -858.2
37     53       0.833   -858.54
37     54       0.833   -858.338
37     55       0.833   -856.905
37     56       0.833   -857.106
37     57       0.833   -857.103
37     58       0.833   -857.739
37     59       0.833   -857.578
37     60       0.833   -858.722
37     61       0.833   -857.248
37     62       0.833   -858.292
37     63       0.833   -856.939
37     64       0.833   -857.084
37     65       0.833   -855.449
37     66       0.833   -854.535
37     67       0.833   -852.934
37     68       0.833   -853.855
37     69       0.833   -853.382
37     70       0.833   -852.134
37     71       0.833   -850.871
37     72       0.833   -850.01
37     73       0.833   -849.055
37     74       0.833   -849.72
37     75       0.833   -852.286
37     76       0.833   -850.932
37     77       0.833   -850.957
37     78       0.833   -850.248
37     79       0.833   -850.147
37     80       0.833   -850.219
37     81       0.833   -852.391
37     82       0.833   -852.12
37     83       0.833   -853.39
37     84       0.833   -851.3
37     85       0.833   -855.46
37     86       0.833   -854.194
37     87       0.833   -859.532
37     88       0.833   -857.102
37     89       0.833   -862.1
37     90       0.833   -865.849
37     91       0.833   -859.643
37     92       0.833   -859.305
37     93       0.833   -861.249
37     94       0.833   -856.888
37     95       0.833   -853.777
37     96       0.833   -861.725
### SDC4-X2
#
38     1       0.833   -855.658
38     2       0.833   -855.881
38     3       0.833   -858.685
38     4       0.833   -856.034
38     5       0.833   -856.642
38     6       0.833   -858.714
38     7       0.833   -857.134
38     8       0.833   -858.613
38     9       0.833   -858.605
38     10       0.833   -861.129
38     11       0.833   -858.025
38     12       0.833   -862.058
38     13       0.833   -862.978
38     14       0.833   -859.451
38     15       0.833   -869.301
38     16       0.833   -862.409
38     17       0.833   -864.526
38     18       0.833   -856.911
38     19       0.833   -857.334
38     20       0.833   -855.506
38     21       0.833   -853.896
38     22       0.833   -856.579
38     23       0.833   -856.362
38     24       0.833   -855.455
38     25       0.833   -855.036
38     26       0.833   -852.845
38     27       0.833   -853.111
38     28       0.833   -851.815
38     29       0.833   -852.505
38     30       0.833   -850.816
38     31       0.833   -849.7
38     32       0.833   -849.826
38     33       0.833   -852.421
38     34       0.833   -851.989
38     35       0.833   -853.208
38     36       0.833   -853.54
38     37       0.833   -854.12
38     38       0.833   -851.643
38     39       0.833   -851.918
38     40       0.833   -851.341
38     41       0.833   -851.34
38     42       0.833   -853.083
38     43       0.833   -851.619
38     44       0.833   -852.579
38     45       0.833   -851.915
38     46       0.833   -851.599
38     47       0.833   -851.597
38     48       0.833   -851.938
38     49       0.833   -851.882
38     50       0.833   -851.617
38     51       0.833   -851.53
38     52       0.833   -852.949
38     53       0.833   -852.516
38     54       0.833   -851.315
38     55       0.833   -850.987
38     56       0.833   -849.809
38     57       0.833   -849.21
38     58       0.833   -849.926
38     59       0.833   -849.014
38     60       0.833   -850.596
38     61       0.833   -850.15
38     62       0.833   -850.84
38     63       0.833   -850.187
38     64       0.833   -849.497
38     65       0.833   -846.725
38     66       0.833   -846.23
38     67       0.833   -846.945
38     68       0.833   -845.732
38     69       0.833   -845.424
38     70       0.833   -845.139
38     71       0.833   -845.541
38     72       0.833   -844.283
38     73       0.833   -840.598
38     74       0.833   -842.416
38     75       0.833   -842.643
38     76       0.833   -843.441
38     77       0.833   -845.472
38     78       0.833   -842.362
38     79       0.833   -841.045
38     80       0.833   -842.351
38     81       0.833   -843.874
38     82       0.833   -844.213
38     83       0.833   -845.517
38     84       0.833   -846.437
38     85       0.833   -847.332
38     86       0.833   -850.533
38     87       0.833   -849.55
38     88       0.833   -853.828
38     89       0.833   -853.317
38     90       0.833   -849.659
38     91       0.833   -854.465
38     92       0.833   -851.841
38     93       0.833   -851.897
38     94       0.833   -850.65
38     95       0.833   -855.098
38     96       0.833   -846.342
