7	0	0	1	2	17.7648	-1
7	0	1	1	2	17.9187	-1
7	0	2	1	2	18.8031	-1
7	0	3	1	2	17.9883	-1
7	0	4	1	2	18.023	-1
7	0	5	1	2	18.214	-1
7	0	6	1	2	17.9262	-1
7	0	7	1	2	17.7798	-1
7	0	8	1	2	17.688	-1
7	0	9	1	2	17.9551	-1
7	0	10	1	2	17.9568	-1
7	0	11	1	2	18.2287	-1
7	0	12	1	2	18.0473	-1
7	0	13	1	2	18.1082	-1
7	0	14	1	2	18.1275	-1
7	0	15	1	2	18.0581	-1
7	0	16	1	2	17.9779	-1
7	0	17	1	2	18.0949	-1
7	0	18	1	2	18.0874	-1
7	0	19	1	2	18.0758	-1
7	0	20	1	2	18.0305	-1
7	0	21	1	2	18.1364	-1
7	0	22	1	2	18.1248	-1
7	0	23	1	2	18.2993	-1
