7	0	0	0	0	210.343	741.229
7	0	1	0	0	191.466	708.449
7	0	2	0	0	236.286	731.879
7	0	3	0	0	104.018	267.357
7	0	4	0	0	213.788	829.35
7	0	5	0	0	193.929	719.356
7	0	6	0	0	195.712	765.703
7	0	7	0	0	171.771	741.742
7	0	8	0	0	184.126	625.195
7	0	9	0	0	160.424	713.922
7	0	10	0	0	185.586	750.693
7	0	11	0	0	195.855	825.428
7	0	12	0	0	179.082	770.915
7	0	13	0	0	164.758	709.354
7	0	14	0	0	162.594	795.218
7	0	15	0	0	150.6	720.181
7	0	16	0	0	153.099	827.935
7	0	17	0	0	88.9098	719.768
7	0	18	0	0	161.588	736.394
7	0	19	0	0	155.723	794.295
7	0	20	0	0	175.585	595.489
7	0	21	0	0	186.219	786.591
7	0	22	0	0	140.754	726.866
7	0	23	0	0	178.818	760.488
7	0	0	0	1	231.738	724.484
7	0	1	0	1	122.116	502.717
7	0	2	0	1	172.635	734.029
7	0	3	0	1	193.618	689.559
7	0	4	0	1	167.107	618.769
7	0	5	0	1	163.226	719.025
7	0	6	0	1	157.299	687.865
7	0	7	0	1	184.671	729.948
7	0	8	0	1	67.8863	629.943
7	0	9	0	1	159.868	774.405
7	0	10	0	1	178.782	755.467
7	0	11	0	1	161.843	695.604
7	0	12	0	1	149.03	839.53
7	0	13	0	1	137.895	745.088
7	0	14	0	1	145.998	723.285
7	0	15	0	1	179.86	720.693
7	0	16	0	1	162.697	847.184
7	0	17	0	1	131.875	850.13
7	0	18	0	1	185.535	906.668
7	0	19	0	1	129.772	808.293
7	0	20	0	1	152.55	867.708
7	0	21	0	1	137.813	893.289
7	0	22	0	1	159.749	838.564
7	0	23	0	1	159.727	794.816
