7	0	0	0	0	3	3.55271e-15	-2.69548	-1.15434
7	0	1	0	0	3	1.26043	0.465571	1.47407
7	0	2	0	0	3	2.87095e-11	-0.32492	-0.0952125
7	0	3	0	0	3	0.0431201	0.527713	-0.0478042
7	0	4	0	1	3	0.513963	0.141252	0.586538
7	0	5	0	1	3	0.351874	0.0985545	0.0922659
7	0	6	0	1	3	3.19115	-0.368079	3
7	0	7	0	1	3	2.96212	-0.335514	3
7	0	8	0	1	3	0.986575	0.172548	1.48127
7	0	9	0	1	3	0.625458	0.140075	0.93858
7	0	10	0	1	3	1.02332	0.0717234	1.42845
7	0	11	0	1	3	1.51634	-0.0880504	1.54278
7	0	12	0	1	3	1.12752	0.0547519	1.47494
7	0	13	0	1	3	1.95029	-0.307476	1.95038
7	0	14	0	1	3	1.60932	-0.0650129	1.7586
7	0	15	0	1	3	0.771822	0.0865424	1.06943
7	0	16	0	1	3	1.87328	-0.154902	2.07487
7	0	17	0	1	3	0.95332	0.0526825	1.23181
7	0	18	0	1	3	1.43551	-0.0304454	1.70079
7	0	19	0	1	3	1.27557	-0.0457812	1.54336
7	0	20	0	1	3	2.0048	-0.128992	2.17088
7	0	21	0	1	3	1.65338	-0.13661	1.825
7	0	22	0	1	3	3.10982	-0.584161	2.71694
7	0	23	0	1	3	3.59129	-0.482059	3
###############
7	0	0	1	0	3	0.269583	0.588373	-0.625711
7	0	1	1	0	3	0.197374	0.595917	0.115427
7	0	2	1	0	3	1.21503e-11	-1.58758	-0.121301
7	0	3	1	1	3	4.49178	-1.21563	2.99996
7	0	4	1	1	3	1.11514	0.031559	1.10237
7	0	5	1	1	3	4.52823	-0.966695	3
7	0	6	1	1	3	2.65231	-0.44282	2.3815
7	0	7	1	1	3	1.40034	-0.10756	1.76384
7	0	8	1	1	3	0.0912142	0.186746	0.512262
7	0	9	1	0	3	1.27813	-0.0236061	1.37713
7	0	10	1	1	3	1.54916	-0.00597167	1.76323
7	0	11	1	1	3	1.68289	-0.0879809	1.57746
7	0	12	1	1	3	1.92902	-0.0939923	1.93168
7	0	13	1	1	3	3.41993	-0.686134	2.68894
7	0	14	1	1	3	2.1955	-0.157346	2.08741
7	0	15	1	1	3	0.902756	0.0461609	1.09295
7	0	16	1	1	3	1.29285	0.020392	1.4933
7	0	17	1	1	3	1.83296	-0.202997	1.79352
7	0	18	1	1	3	1.46414	0.0268261	1.53374
7	0	19	1	1	3	0.951806	0.060236	1.14443
7	0	20	1	1	3	2.5158	-0.218047	2.32845
7	0	21	1	1	3	1.36429	-0.0144069	1.45477
7	0	22	1	1	3	2.68035	-0.196186	2.44255
7	0	23	1	1	3	0.852392	0.120929	0.845809
