7	0	0	1	0	296817	-0.000939002
7	0	1	1	0	298668	-0.000939002
7	0	2	1	0	299458	-0.000939002
7	0	3	1	0	303318	-0.000939002
7	0	4	1	0	302967	-0.000939002
7	0	5	1	0	300886	-0.000939002
7	0	6	1	0	299450	-0.000939002
7	0	7	1	0	300526	-0.000939002
7	0	8	1	0	301175	-0.000939002
7	0	9	1	0	301301	-0.000939002
7	0	10	1	0	302028	-0.000939002
7	0	11	1	0	300500	-0.000939002
7	0	12	1	0	301194	-0.000939002
7	0	13	1	0	300180	-0.000939002
7	0	14	1	0	299340	-0.000939002
7	0	15	1	0	300522	-0.000939002
7	0	16	1	0	301192	-0.000939002
7	0	17	1	0	302190	-0.000939002
7	0	18	1	0	299974	-0.000939002
7	0	19	1	0	300765	-0.000939002
7	0	20	1	0	301704	-0.000939002
7	0	21	1	0	299945	-0.000939002
7	0	22	1	0	297785	-0.000939002
7	0	23	1	0	296369	-0.000939002
7	0	0	1	1	297387	-0.000939002
7	0	1	1	1	298898	-0.000939002
7	0	2	1	1	300811	-0.000939002
7	0	3	1	1	302094	-0.000939002
7	0	4	1	1	303205	-0.000939002
7	0	5	1	1	300864	-0.000939002
7	0	6	1	1	299925	-0.000939002
7	0	7	1	1	302410	-0.000939002
7	0	8	1	1	300944	-0.000939002
7	0	9	1	1	303323	-0.000939002
7	0	10	1	1	302877	-0.000939002
7	0	11	1	1	302123	-0.000939002
7	0	12	1	1	302272	-0.000939002
7	0	13	1	1	302531	-0.000939002
7	0	14	1	1	301593	-0.000939002
7	0	15	1	1	303330	-0.000939002
7	0	16	1	1	302038	-0.000939002
7	0	17	1	1	302955	-0.000939002
7	0	18	1	1	302624	-0.000939002
7	0	19	1	1	302723	-0.000939002
7	0	20	1	1	302855	-0.000939002
7	0	21	1	1	302914	-0.000939002
7	0	22	1	1	299511	-0.000939002
7	0	23	1	1	295175	-0.000939002
