7	0	0	1	2	17.945	-1
7	0	1	1	2	18.1518	-1
7	0	2	1	2	18.8809	-1
7	0	3	1	2	17.9921	-1
7	0	4	1	2	17.9856	-1
7	0	5	1	2	18.0141	-1
7	0	6	1	2	17.951	-1
7	0	7	1	2	17.7731	-1
7	0	8	1	2	17.8084	-1
7	0	9	1	2	18.047	-1
7	0	10	1	2	17.941	-1
7	0	11	1	2	18.2304	-1
7	0	12	1	2	18.0544	-1
7	0	13	1	2	18.1368	-1
7	0	14	1	2	18.1194	-1
7	0	15	1	2	18.0936	-1
7	0	16	1	2	18.0082	-1
7	0	17	1	2	18.1003	-1
7	0	18	1	2	18.0843	-1
7	0	19	1	2	18.0884	-1
7	0	20	1	2	18.0096	-1
7	0	21	1	2	18.178	-1
7	0	22	1	2	18.0899	-1
7	0	23	1	2	18.2067	-1
