7	0	0	1	2	17.6735	-1
7	0	1	1	2	17.8689	-1
7	0	2	1	2	18.9732	-1
7	0	3	1	2	17.8884	-1
7	0	4	1	2	17.7454	-1
7	0	5	1	2	17.8257	-1
7	0	6	1	2	17.3863	-1
7	0	7	1	2	17.2146	-1
7	0	8	1	2	17.1545	-1
7	0	9	1	2	17.5079	-1
7	0	10	1	2	17.819	-1
7	0	11	1	2	18.1888	-1
7	0	12	1	2	18.0233	-1
7	0	13	1	2	18.066	-1
7	0	14	1	2	18.1129	-1
7	0	15	1	2	18.0147	-1
7	0	16	1	2	17.9564	-1
7	0	17	1	2	18.0564	-1
7	0	18	1	2	18.0866	-1
7	0	19	1	2	18.0287	-1
7	0	20	1	2	18.0151	-1
7	0	21	1	2	18.1076	-1
7	0	22	1	2	18.1635	-1
7	0	23	1	2	18.2758	-1
