7	0	0	1	2	17.6735	-1
7	0	1	1	2	17.8689	-1
7	0	2	1	2	18.9053	-1
7	0	3	1	2	18.2947	-1
7	0	4	1	2	18.0626	-1
7	0	5	1	2	18.3192	-1
7	0	6	1	2	17.8285	-1
7	0	7	1	2	17.8509	-1
7	0	8	1	2	17.7246	-1
7	0	9	1	2	18.1349	-1
7	0	10	1	2	18.1094	-1
7	0	11	1	2	18.1229	-1
7	0	12	1	2	18.0605	-1
7	0	13	1	2	18.108	-1
7	0	14	1	2	18.235	-1
7	0	15	1	2	18.4085	-1
7	0	16	1	2	18.1997	-1
7	0	17	1	2	18.2742	-1
7	0	18	1	2	18.2203	-1
7	0	19	1	2	18.4673	-1
7	0	20	1	2	18.254	-1
7	0	21	1	2	18.5058	-1
7	0	22	1	2	18.2579	-1
7	0	23	1	2	18.4984	-1
