##
#  file: DCDriftParam_05047
#  date: 2021-05-12 09:33:35
#  note: first version
#        DCDriftParam SdcOut ... done
#        DCDriftParam SdcIn ... done
#        DCDriftParam BcOut ... done
#
#
#######################################################################
# Id	WireId	Type	NParam	p0	p1	...
### SDC1
1	0	6	6	1.49606	1.51762e-07	0.00214938	-3.44826e-05	1.83807e-07	-1.97507e-10
2	0	6	6	0.65735	-2.2499e-07	0.00182159	-2.08271e-05	-1.04309e-08	7.42497e-10
3	0	6	6	-1.8387	4.36563e-08	0.00227661	-4.02015e-05	2.73031e-07	-6.49803e-10
4	0	6	6	0.895851	-1.80984e-07	0.00212847	-3.44665e-05	1.90502e-07	-2.3983e-10
5	0	6	6	0.500886	5.46917e-08	0.00184115	-2.79492e-05	1.43688e-07	-1.62706e-10
6	0	6	6	0.586028	-4.26797e-09	0.00163353	-1.45906e-05	-8.4183e-08	1.05844e-09
### SDC2
7	0	6	6	4.08258	8.79779e-08	0.00229743	-3.76863e-05	2.60873e-07	-6.87251e-10
8	0	6	6	4.12601	-5.99201e-07	0.00242354	-4.16782e-05	2.99764e-07	-8.07431e-10
9	0	6	6	3.66905	-6.60522e-09	0.0023495	-3.92265e-05	2.75303e-07	-7.30625e-10
10	0	6	6	3	0.00441784	0.00217354	-3.57709e-05	2.46338e-07	-6.48097e-10
### SDC3 layer 1,2 -> XT fitting Start from 20 ns, layer 3,4->From DTDL Hist
31	0	6	6	-4.90807	-3.43063e-07	0.00122895	-3.70752e-06	-9.39609e-08	5.15925e-10
32	0	6	6	-4.79764	-1.63324e-06	0.00195906	-2.62873e-05	1.40263e-07	-2.98031e-10
33	0	6	6	-4.96054	-4.41299e-07	0.00198065	-2.81181e-05	1.69988e-07	-4.34231e-10
34	0	6	6	-4.97873	-4.52711e-08	0.00169624	-1.89575e-05	7.20774e-08	-8.66233e-11
### SDC4
35	0	6	6	0.935443	0.012254	0.00104011	-9.42199e-06	3.62742e-08	-5.42131e-11
36	0	6	6	0.374826	0.0105513	0.00111208	-1.08822e-05	4.53338e-08	-7.13998e-11
37	0	6	6	1.24115	0.026268	0.000709554	-6.71517e-06	2.6464e-08	-4.06078e-11
38	0	6	6	0.403289	0.0163878	0.00104883	-1.02621e-05	4.19967e-08	-6.53929e-11
### BC3
113	0	6	6	1.99869	0.0273835	0.00144638	1.35309e-05	-2.22029e-06	2.83517e-08
114	0	6	6	3.94791	0.0114397	0.00219563	-1.04451e-05	-1.46189e-06	1.88879e-08
115	0	6	6	4.28167	0.00644246	0.00222184	1.22239e-05	-2.33865e-06	2.81287e-08
116	0	6	6	4.21442	0.00963193	0.00188066	2.27517e-05	-2.43441e-06	2.8027e-08
117	0	6	6	2.99999	0.0151224	0.00192553	1.11675e-05	-2.2403e-06	2.76224e-08
118	0	6	6	4.45283	0.00688361	0.00244339	-1.28581e-05	-1.5675e-06	2.08337e-08
### BC4
119	0	6	6	0	0.0765883	0.003	2.06048e-05	-2.64636e-06	3e-08
120	0	6	6	0	0.0765894	0.003	2.06048e-05	-2.64634e-06	3e-08
121	0	6	6	4.9257	0.00052815	0.00221592	2.12179e-05	-2.44998e-06	2.76512e-08
122	0	6	6	4.99957	0.00276901	0.00166887	4.69788e-05	-2.86571e-06	2.96219e-08
123	0	6	6	3.39606	0.0122561	0.00194481	1.18227e-05	-2.12806e-06	2.52535e-08
124	0	6	6	4.79659	0.0064291	0.00176418	3.71864e-05	-2.74716e-06	2.98855e-08
