##
#  file: HodoParam_0
#  date: 2021.05.11
#  note: after readjustment of finnal timing
#  bft +10ns (2021.05.19)
#  date: 2021.05.25
#  note: BH12, after readjustment by using 2021.05.25
#	 date: 2021.05.31
#  note: Modified BH2 ADC Parameters to realistic value. The values were determined by eyecheck.
#  date: 2021.06.13
#  note: Updated HTOF ADC Parameters (HTOF calib. runs)
#  date: 2021.07.08
#  note: BH2 ADC Parameters were adjusted to gaussian mean of Landau peaks, for All H-runs.
#  date: 2021.07.10
#  note: TOF ADC Parameters were updated.
#  date: 2021.07.20
#  note: vtof Parameters callibrated with scattering run(run 5395).
#  date: 2021.08.09
#  note: vtof Parameters re-callibrated with scattering run(run 5395).
#  date: 2021.08.13
#  note: vtof Parameters re-callibrated with production run(run 5477).
#  date: 2021.08.22
#  note: Updated HTOF ADC Parameters (defocus runs)
#  date: 2021.11.11
#  note: BH1, BH2 tdc offset Parameters (BH2QTC runs, k- beam)
#######################################################################
# CId   PlId    SegId   AorT    UorD    p0      p1
#
#########################################################
# BH1 Adc Up                                            #
#########################################################
1	0	0	0	0	78.2323	371.637
1	0	1	0	0	65.8965	416.851
1	0	2	0	0	125.36 	387.433
1	0	3	0	0	96.7696	255.424
1	0	4	0	0	124.354	299.521
1	0	5	0	0	94.6595	283.755
1	0	6	0	0	114.295	292.017
1	0	7	0	0	108.63 	232.584
1	0	8	0	0	142.743	369.845
1	0	9	0	0	116.632	477.882
1	0	10	0	0	78.5211	445.207
#########################################################
# BH1 Adc Down                                          #
#########################################################
1	0	0	0	1	107.589 434.099
1	0	1	0	1	77.4497	411.649
1	0	2	0	1	89.6891	336.943
1	0	3	0	1	100.014	339.987
1	0	4	0	1	148.174	196.876
1	0	5	0	1	109.796	290.88
1	0	6	0	1	100.784	281.512
1	0	7	0	1	115.068	206.226
1	0	8	0	1	74.7132	457.552
1	0	9	0	1	93.944 	360.952
1	0	10	0	1	114.398	406.504
#########################################################
# BH1 Tdc Up                                            #
#########################################################
1 0 0 1 0 524089 -0.0009390020
1 0 1 1 0 525792 -0.0009390020
1 0 2 1 0 525418 -0.0009390020
1 0 3 1 0 524399 -0.0009390020
1 0 4 1 0 526200 -0.0009390020
1 0 5 1 0 526160 -0.0009390020
1 0 6 1 0 526330 -0.0009390020
1 0 7 1 0 524486 -0.0009390020
1 0 8 1 0 526834 -0.0009390020
1 0 9 1 0 526512 -0.0009390020
1 0 10 1 0 526496 -0.0009390020
#########################################################
# BH1 Tdc Down                                          #
#########################################################
1 0 0 1 1 525672 -0.0009390020
1 0 1 1 1 526319 -0.0009390020
1 0 2 1 1 526007 -0.0009390020
1 0 3 1 1 525548 -0.0009390020
1 0 4 1 1 526329 -0.0009390020
1 0 5 1 1 526523 -0.0009390020
1 0 6 1 1 526836 -0.0009390020
1 0 7 1 1 525476 -0.0009390020
1 0 8 1 1 527139 -0.0009390020
1 0 9 1 1 526585 -0.0009390020
1 0 10 1 1 526582 -0.0009390020
#########################################################
# BH2 Adc Up                                            #
#########################################################
2	0	0	0	0	106.000	906
2	0	1	0	0	105.000	1131
2	0	2	0	0	120.000	790
2	0	3	0	0	77.000	763
2	0	4	0	0	122.000	939
2	0	5	0	0	107.000	779
2	0	6	0	0	114.000	586
2	0	7	0	0	101.000	822
#########################################################
# BH2 Adc Down                                          #
#########################################################
2	0	0	0	1	80.000	885
2	0	1	0	1	68.000	990
2	0	2	0	1	76.000	775
2	0	3	0	1	77.000	934
2	0	4	0	1	112.000	589
2	0	5	0	1	89.000	632
2	0	6	0	1	176.000	894
2	0	7	0	1	86.000	726
#########################################################
# BH2 Tdc Up                                            #
#########################################################
2 0 0 1 0 332034 -0.0009390020
2 0 1 1 0 334583 -0.0009390020
2 0 2 1 0 333272 -0.0009390020
2 0 3 1 0 333613 -0.0009390020
2 0 4 1 0 333991 -0.0009390020
2 0 5 1 0 333804 -0.0009390020
2 0 6 1 0 334490 -0.0009390020
2 0 7 1 0 333213 -0.0009390020
#########################################################
# BH2 Tdc Down                                          #
#########################################################
2 0 0 1 1 335233 -0.0009390020
2 0 1 1 1 335826 -0.0009390020
2 0 2 1 1 335194 -0.0009390020
2 0 3 1 1 333908 -0.0009390020
2 0 4 1 1 335042 -0.0009390020
2 0 5 1 1 333241 -0.0009390020
2 0 6 1 1 335577 -0.0009390020
2 0 7 1 1 333357 -0.0009390020
#########################################################
# BH2 cable offset                                      #
#########################################################
2	0	0	1	2	0.137861	1
2	0	1	1	2	0.805618	1
2	0	2	1	2	0.308409	1
2	0	3	1	2	0.341962	1
2	0	4	1	2	-0.0591326	1
2	0	5	1	2	0.143771	1
2	0	6	1	2	0.649532	1
2	0	7	1	2	0.30886	1
#########################################################
# BAC Adc                                               #
#########################################################
3	0	0	0	0	100	500
#########################################################
# BAC Tdc                                               #
#########################################################
3	0	0	1	0	1156  -0.8333
#########################################################
# HTOF Adc Up                                           #
#########################################################
8 0 0 0 0 537.046 879.874
8 0 1 0 0 451.756 977.902
8 0 2 0 0 227.925 1003.75
8 0 3 0 0 468.426 917.592
8 0 4 0 0 213.07 974.607
8 0 5 0 0 459.209 807.527
8 0 6 0 0 506.283 1041.9
8 0 7 0 0 407.109 1054.88
8 0 8 0 0 391.051 1074.48
8 0 9 0 0 440.887 1104.38
8 0 10 0 0 458.675 1045.21
8 0 11 0 0 451.158 1363.05
8 0 12 0 0 448.431 1026.6
8 0 13 0 0 433.29 1028.1
8 0 14 0 0 416.605 943.217
8 0 15 0 0 466.955 916.424
8 0 16 0 0 441.021 891.394
8 0 17 0 0 385.198 850.2
8 0 18 0 0 428.297 845.008
8 0 19 0 0 469.317 851.192
8 0 20 0 0 447.411 873.777
8 0 21 0 0 467.946 858.285
8 0 22 0 0 444.545 927.686
8 0 23 0 0 427.753 885.079
8 0 24 0 0 460.249 842.983
8 0 25 0 0 419.274 799.109
8 0 26 0 0 455.709 1105.83
8 0 27 0 0 438.798 1114.01
8 0 28 0 0 396.88 1098.67
8 0 29 0 0 465.173 1143.2
8 0 30 0 0 446.491 1148.9
8 0 31 0 0 397.208 939.557
8 0 32 0 0 425.307 1061.01
8 0 33 0 0 402.984 1017.87
#########################################################
# HTOF Adc Down                                         #
#########################################################
8 0 0 0 1 452.807 799.704
8 0 1 0 1 209.711 1402.28
8 0 2 0 1 490.76 978.123
8 0 3 0 1 173.448 1268.81
8 0 4 0 1 450.936 944.704
8 0 5 0 1 454.823 944.505
8 0 6 0 1 478.94 1013.11
8 0 7 0 1 451.863 1058.46
8 0 8 0 1 284.389 888.517
8 0 9 0 1 194.711 775.434
8 0 10 0 1 458.551 944.754
8 0 11 0 1 356.189 798.393
8 0 12 0 1 428.71 1118.81
8 0 13 0 1 397.728 1131.79
8 0 14 0 1 432.496 929.617
8 0 15 0 1 424.217 912.421
8 0 16 0 1 412.997 871.707
8 0 17 0 1 435.823 889.154
8 0 18 0 1 478.245 909.052
8 0 19 0 1 461.781 835.987
8 0 20 0 1 436.225 755.131
8 0 21 0 1 466.454 845.673
8 0 22 0 1 469.286 969.817
8 0 23 0 1 434.707 876.191
8 0 24 0 1 483.015 972.639
8 0 25 0 1 420.735 803.828
8 0 26 0 1 172.726 776.705
8 0 27 0 1 231.777 744.619
8 0 28 0 1 431.753 1049.88
8 0 29 0 1 464.627 1071.37
8 0 30 0 1 460.04 1031.62
8 0 31 0 1 407.034 1047
8 0 32 0 1 443.936 1091.09
8 0 33 0 1 427.508 1146.95
#########################################################
# HTOF Tdc Up                                           #
#########################################################
8	0	0	1	0	950000	-0.0009390020
8	0	1	1	0	950000	-0.0009390020
8	0	2	1	0	950000	-0.0009390020
8	0	3	1	0	950000	-0.0009390020
8	0	4	1	0	950000	-0.0009390020
8	0	5	1	0	950000	-0.0009390020
8	0	6	1	0	950000	-0.0009390020
8	0	7	1	0	950000	-0.0009390020
8	0	8	1	0	950000	-0.0009390020
8	0	9	1	0	950000	-0.0009390020
8	0	10	1	0	950000	-0.0009390020
8	0	11	1	0	950000	-0.0009390020
8	0	12	1	0	950000	-0.0009390020
8	0	13	1	0	950000	-0.0009390020
8	0	14	1	0	950000	-0.0009390020
8	0	15	1	0	950000	-0.0009390020
8	0	16	1	0	950000	-0.0009390020
8	0	17	1	0	950000	-0.0009390020
8	0	18	1	0	950000	-0.0009390020
8	0	19	1	0	950000	-0.0009390020
8	0	20	1	0	950000	-0.0009390020
8	0	21	1	0	950000	-0.0009390020
8	0	22	1	0	950000	-0.0009390020
8	0	23	1	0	950000	-0.0009390020
8	0	24	1	0	950000	-0.0009390020
8	0	25	1	0	950000	-0.0009390020
8	0	26	1	0	950000	-0.0009390020
8	0	27	1	0	950000	-0.0009390020
8	0	28	1	0	950000	-0.0009390020
8	0	29	1	0	950000	-0.0009390020
8	0	30	1	0	950000	-0.0009390020
8	0	31	1	0	950000	-0.0009390020
8	0	32	1	0	950000	-0.0009390020
8	0	33	1	0	950000	-0.0009390020
#########################################################
# HTOF Tdc Down                                         #
#########################################################
8	0	0	1	1	950000	-0.0009390020
8	0	1	1	1	950000	-0.0009390020
8	0	2	1	1	950000	-0.0009390020
8	0	3	1	1	950000	-0.0009390020
8	0	4	1	1	950000	-0.0009390020
8	0	5	1	1	950000	-0.0009390020
8	0	6	1	1	950000	-0.0009390020
8	0	7	1	1	950000	-0.0009390020
8	0	8	1	1	950000	-0.0009390020
8	0	9	1	1	950000	-0.0009390020
8	0	10	1	1	950000	-0.0009390020
8	0	11	1	1	950000	-0.0009390020
8	0	12	1	1	950000	-0.0009390020
8	0	13	1	1	950000	-0.0009390020
8	0	14	1	1	950000	-0.0009390020
8	0	15	1	1	950000	-0.0009390020
8	0	16	1	1	950000	-0.0009390020
8	0	17	1	1	950000	-0.0009390020
8	0	18	1	1	950000	-0.0009390020
8	0	19	1	1	950000	-0.0009390020
8	0	20	1	1	950000	-0.0009390020
8	0	21	1	1	950000	-0.0009390020
8	0	22	1	1	950000	-0.0009390020
8	0	23	1	1	950000	-0.0009390020
8	0	24	1	1	950000	-0.0009390020
8	0	25	1	1	950000	-0.0009390020
8	0	26	1	1	950000	-0.0009390020
8	0	27	1	1	950000	-0.0009390020
8	0	28	1	1	950000	-0.0009390020
8	0	29	1	1	950000	-0.0009390020
8	0	30	1	1	950000	-0.0009390020
8	0	31	1	1	950000	-0.0009390020
8	0	32	1	1	950000	-0.0009390020
8	0	33	1	1	950000	-0.0009390020
#########################################################
# SCH Tdc                                               #
#########################################################
6	0	0	1	0	493.5	-1
6	0	1	1	0	493.5	-1
6	0	2	1	0	492.5	-1
6	0	3	1	0	492.5	-1
6	0	4	1	0	493.5	-1
6	0	5	1	0	493.5	-1
6	0	6	1	0	495.5	-1
6	0	7	1	0	495.5	-1
6	0	8	1	0	495.5	-1
6	0	9	1	0	494.5	-1
6	0	10	1	0	494.5	-1
6	0	11	1	0	492.5	-1
6	0	12	1	0	492.5	-1
6	0	13	1	0	491.5	-1
6	0	14	1	0	491.5	-1
6	0	15	1	0	492.5	-1
6	0	16	1	0	493.5	-1
6	0	17	1	0	491.5	-1
6	0	18	1	0	491.5	-1
6	0	19	1	0	491.5	-1
6	0	20	1	0	491.5	-1
6	0	21	1	0	491.5	-1
6	0	22	1	0	493.5	-1
6	0	23	1	0	493.5	-1
6	0	24	1	0	492.5	-1
6	0	25	1	0	493.5	-1
6	0	26	1	0	493.5	-1
6	0	27	1	0	491.5	-1
6	0	28	1	0	492.5	-1
6	0	29	1	0	492.5	-1
6	0	30	1	0	491.5	-1
6	0	31	1	0	489.5	-1
6	0	32	1	0	493.5	-1
6	0	33	1	0	492.5	-1
6	0	34	1	0	492.5	-1
6	0	35	1	0	493.5	-1
6	0	36	1	0	492.5	-1
6	0	37	1	0	492.5	-1
6	0	38	1	0	494.5	-1
6	0	39	1	0	495.5	-1
6	0	40	1	0	495.5	-1
6	0	41	1	0	495.5	-1
6	0	42	1	0	494.5	-1
6	0	43	1	0	493.5	-1
6	0	44	1	0	492.5	-1
6	0	45	1	0	492.5	-1
6	0	46	1	0	491.5	-1
6	0	47	1	0	491.5	-1
6	0	48	1	0	492.5	-1
6	0	49	1	0	491.5	-1
6	0	50	1	0	491.5	-1
6	0	51	1	0	491.5	-1
6	0	52	1	0	491.5	-1
6	0	53	1	0	492.5	-1
6	0	54	1	0	492.5	-1
6	0	55	1	0	493.5	-1
6	0	56	1	0	494.5	-1
6	0	57	1	0	491.5	-1
6	0	58	1	0	493.5	-1
6	0	59	1	0	492.5	-1
6	0	60	1	0	492.5	-1
6	0	61	1	0	492.5	-1
6	0	62	1	0	493.5	-1
6	0	63	1	0	489.5	-1
#########################################################
# BVH Tdc                                               #
#########################################################
9	0	0	1	0	500.000	-0.8333
9	0	1	1	0	500.000	-0.8333
9	0	2	1	0	500.000	-0.8333
9	0	3	1	0	500.000	-0.8333
#########################################################
# TOF Adc Up, Callibrated with run 05421                #
#########################################################
7	0	0	0	0	211.343	700.165
7	0	1	0	0	192.379	661.037
7	0	2	0	0	237.184	757.205
7	0	3	0	0	103.405	165.713
7	0	4	0	0	214.83	825.694
7	0	5	0	0	194.828	692.555
7	0	6	0	0	196.778	756.989
7	0	7	0	0	172.837	726.334
7	0	8	0	0	185.193	609.553
7	0	9	0	0	161.208	697.871
7	0	10	0	0	186.448	728.908
7	0	11	0	0	188.521	739.466
7	0	12	0	0	179.863	773.963
7	0	13	0	0	165.199	695.208
7	0	14	0	0	163.341	784.213
7	0	15	0	0	151.192	703.488
7	0	16	0	0	153.946	818.733
7	0	17	0	0	88.7678	698.989
7	0	18	0	0	162.19	737.567
7	0	19	0	0	156.447	775.08
7	0	20	0	0	176.393	577.377
7	0	21	0	0	186.996	780.119
7	0	22	0	0	141.413	713.5
7	0	23	0	0	179.611	756.378
#########################################################
# TOF Adc Down                                          #
#########################################################
7	0	0	0	1	232.917	692.929
7	0	1	0	1	121.806	481.822
7	0	2	0	1	173.679	742.697
7	0	3	0	1	194.63	682.818
7	0	4	0	1	168.236	612.203
7	0	5	0	1	164.618	679.959
7	0	6	0	1	158.213	670.722
7	0	7	0	1	185.737	710.943
7	0	8	0	1	67.6757	609.799
7	0	9	0	1	160.988	760.271
7	0	10	0	1	179.872	736.089
7	0	11	0	1	153.532	841.03
7	0	12	0	1	149.276	859.503
7	0	13	0	1	138.117	722.143
7	0	14	0	1	146.349	704.714
7	0	15	0	1	180.457	700.954
7	0	16	0	1	162.841	842.113
7	0	17	0	1	132.134	841.758
7	0	18	0	1	185.745	938.82
7	0	19	0	1	130.071	793.972
7	0	20	0	1	152.885	865.494
7	0	21	0	1	138.344	912.457
7	0	22	0	1	160.162	835.237
7	0	23	0	1	160.052	779.119
#########################################################
# TOF Tdc Up                                            #
#########################################################
7 0 0 1 0 296433 -0.0009390020
7 0 1 1 0 299079 -0.0009390020
7 0 2 1 0 299615 -0.0009390020
7 0 3 1 0 303287 -0.0009390020
7 0 4 1 0 303081 -0.0009390020
7 0 5 1 0 300971 -0.0009390020
7 0 6 1 0 299448 -0.0009390020
7 0 7 1 0 300525 -0.0009390020
7 0 8 1 0 301176 -0.0009390020
7 0 9 1 0 301613 -0.0009390020
7 0 10 1 0 302024 -0.0009390020
7 0 11 1 0 300550 -0.0009390020
7 0 12 1 0 301234 -0.0009390020
7 0 13 1 0 300206 -0.0009390020
7 0 14 1 0 299358 -0.0009390020
7 0 15 1 0 300530 -0.0009390020
7 0 16 1 0 301156 -0.0009390020
7 0 17 1 0 302301 -0.0009390020
7 0 18 1 0 300507 -0.0009390020
7 0 19 1 0 301105 -0.0009390020
7 0 20 1 0 301787 -0.0009390020
7 0 21 1 0 298800 -0.0009390020
7 0 22 1 0 300052 -0.0009390020
7 0 23 1 0 295573 -0.0009390020
#########################################################
# TOF Tdc Down                                          #
#########################################################
7 0 0 1 1 297746 -0.0009390020
7 0 1 1 1 300118 -0.0009390020
7 0 2 1 1 300423 -0.0009390020
7 0 3 1 1 302200 -0.0009390020
7 0 4 1 1 303175 -0.0009390020
7 0 5 1 1 300929 -0.0009390020
7 0 6 1 1 299989 -0.0009390020
7 0 7 1 1 302392 -0.0009390020
7 0 8 1 1 300901 -0.0009390020
7 0 9 1 1 303436 -0.0009390020
7 0 10 1 1 302834 -0.0009390020
7 0 11 1 1 302133 -0.0009390020
7 0 12 1 1 302337 -0.0009390020
7 0 13 1 1 302563 -0.0009390020
7 0 14 1 1 301567 -0.0009390020
7 0 15 1 1 303327 -0.0009390020
7 0 16 1 1 302139 -0.0009390020
7 0 17 1 1 303024 -0.0009390020
7 0 18 1 1 302463 -0.0009390020
7 0 19 1 1 302850 -0.0009390020
7 0 20 1 1 303180 -0.0009390020
7 0 21 1 1 302306 -0.0009390020
7 0 22 1 1 299158 -0.0009390020
7 0 23 1 1 297680 -0.0009390020
#########################################################
# VTOF  Callibrated with Scattering Run                 #
#########################################################
