##
#  file: HodoParam_0
#  date: 2021.05.11
#  note: after readjustment of finnal timing
#  bft +10ns (2021.05.19)
#  date: 2021.05.25
#  note: BH12, after readjustment by using 2021.05.25
#	 date: 2021.05.31
#  note: Modified BH2 ADC Parameters to realistic value. The values were determined by eyecheck.
#  date: 2021.06.13
#  note: Updated HTOF ADC Parameters (HTOF calib. runs)
#  date: 2021.07.08
#  note: BH2 ADC Parameters were adjusted to gaussian mean of Landau peaks, for All H-runs.
#  date: 2021.07.10
#  note: TOF ADC Parameters were updated.
#  date: 2021.07.20
#  note: vtof Parameters callibrated with scattering run(run 5395).
#  date: 2021.08.09
#  note: vtof Parameters re-callibrated with scattering run(run 5395).
#  date: 2021.08.13
#  note: vtof Parameters re-callibrated with production run(run 5477).
#  date: 2021.08.22
#  note: Updated HTOF ADC Parameters (defocus runs)
#  date: 2021.11.11
#  note: BH1, BH2 tdc offset Parameters (BH2QTC runs, k- beam)
#######################################################################
# CId   PlId    SegId   AorT    UorD    p0      p1
#
#########################################################
# BH1 Adc Up                                            #
#########################################################
1	0	0	0	0	78.2323	371.637
1	0	1	0	0	65.8965	416.851
1	0	2	0	0	125.36 	387.433
1	0	3	0	0	96.7696	255.424
1	0	4	0	0	124.354	299.521
1	0	5	0	0	94.6595	283.755
1	0	6	0	0	114.295	292.017
1	0	7	0	0	108.63 	232.584
1	0	8	0	0	142.743	369.845
1	0	9	0	0	116.632	477.882
1	0	10	0	0	78.5211	445.207
#########################################################
# BH1 Adc Down                                          #
#########################################################
1	0	0	0	1	107.589 434.099
1	0	1	0	1	77.4497	411.649
1	0	2	0	1	89.6891	336.943
1	0	3	0	1	100.014	339.987
1	0	4	0	1	148.174	196.876
1	0	5	0	1	109.796	290.88
1	0	6	0	1	100.784	281.512
1	0	7	0	1	115.068	206.226
1	0	8	0	1	74.7132	457.552
1	0	9	0	1	93.944 	360.952
1	0	10	0	1	114.398	406.504
#########################################################
# BH1 Tdc Up                                            #
#########################################################
1 0 0 1 0 524089 -0.0009390020
1 0 1 1 0 525792 -0.0009390020
1 0 2 1 0 525418 -0.0009390020
1 0 3 1 0 524399 -0.0009390020
1 0 4 1 0 526200 -0.0009390020
1 0 5 1 0 526160 -0.0009390020
1 0 6 1 0 526330 -0.0009390020
1 0 7 1 0 524486 -0.0009390020
1 0 8 1 0 526834 -0.0009390020
1 0 9 1 0 526512 -0.0009390020
1 0 10 1 0 526496 -0.0009390020
#########################################################
# BH1 Tdc Down                                          #
#########################################################
1 0 0 1 1 525672 -0.0009390020
1 0 1 1 1 526319 -0.0009390020
1 0 2 1 1 526007 -0.0009390020
1 0 3 1 1 525548 -0.0009390020
1 0 4 1 1 526329 -0.0009390020
1 0 5 1 1 526523 -0.0009390020
1 0 6 1 1 526836 -0.0009390020
1 0 7 1 1 525476 -0.0009390020
1 0 8 1 1 527139 -0.0009390020
1 0 9 1 1 526585 -0.0009390020
1 0 10 1 1 526582 -0.0009390020
#########################################################
# BH2 Adc Up                                            #
#########################################################
2	0	0	0	0	106.000	906
2	0	1	0	0	105.000	1131
2	0	2	0	0	120.000	790
2	0	3	0	0	77.000	763
2	0	4	0	0	122.000	939
2	0	5	0	0	107.000	779
2	0	6	0	0	114.000	586
2	0	7	0	0	101.000	822
#########################################################
# BH2 Adc Down                                          #
#########################################################
2	0	0	0	1	80.000	885
2	0	1	0	1	68.000	990
2	0	2	0	1	76.000	775
2	0	3	0	1	77.000	934
2	0	4	0	1	112.000	589
2	0	5	0	1	89.000	632
2	0	6	0	1	176.000	894
2	0	7	0	1	86.000	726
#########################################################
# BH2 Tdc Up                                            #
#########################################################
2 0 0 1 0 332034 -0.0009390020
2 0 1 1 0 334583 -0.0009390020
2 0 2 1 0 333272 -0.0009390020
2 0 3 1 0 333613 -0.0009390020
2 0 4 1 0 333991 -0.0009390020
2 0 5 1 0 333804 -0.0009390020
2 0 6 1 0 334490 -0.0009390020
2 0 7 1 0 333213 -0.0009390020
#########################################################
# BH2 Tdc Down                                          #
#########################################################
2 0 0 1 1 335233 -0.0009390020
2 0 1 1 1 335826 -0.0009390020
2 0 2 1 1 335194 -0.0009390020
2 0 3 1 1 333908 -0.0009390020
2 0 4 1 1 335042 -0.0009390020
2 0 5 1 1 333241 -0.0009390020
2 0 6 1 1 335577 -0.0009390020
2 0 7 1 1 333357 -0.0009390020
#########################################################
# BH2 cable offset                                      #
#########################################################
2	0	0	1	2	0.137861	1
2	0	1	1	2	0.805618	1
2	0	2	1	2	0.308409	1
2	0	3	1	2	0.341962	1
2	0	4	1	2	-0.0591326	1
2	0	5	1	2	0.143771	1
2	0	6	1	2	0.649532	1
2	0	7	1	2	0.30886	1
#########################################################
# BAC Adc                                               #
#########################################################
3	0	0	0	0	100	500
#########################################################
# BAC Tdc                                               #
#########################################################
3	0	0	1	0	1156  -0.8333
#########################################################
# HTOF Adc Up                                           #
#########################################################
8 0 0 0 0 537.046 879.874
8 0 1 0 0 451.756 977.902
8 0 2 0 0 227.925 1003.75
8 0 3 0 0 468.426 917.592
8 0 4 0 0 213.07 974.607
8 0 5 0 0 459.209 807.527
8 0 6 0 0 506.283 1041.9
8 0 7 0 0 407.109 1054.88
8 0 8 0 0 391.051 1074.48
8 0 9 0 0 440.887 1104.38
8 0 10 0 0 458.675 1045.21
8 0 11 0 0 451.158 1363.05
8 0 12 0 0 448.431 1026.6
8 0 13 0 0 433.29 1028.1
8 0 14 0 0 416.605 943.217
8 0 15 0 0 466.955 916.424
8 0 16 0 0 441.021 891.394
8 0 17 0 0 385.198 850.2
8 0 18 0 0 428.297 845.008
8 0 19 0 0 469.317 851.192
8 0 20 0 0 447.411 873.777
8 0 21 0 0 467.946 858.285
8 0 22 0 0 444.545 927.686
8 0 23 0 0 427.753 885.079
8 0 24 0 0 460.249 842.983
8 0 25 0 0 419.274 799.109
8 0 26 0 0 455.709 1105.83
8 0 27 0 0 438.798 1114.01
8 0 28 0 0 396.88 1098.67
8 0 29 0 0 465.173 1143.2
8 0 30 0 0 446.491 1148.9
8 0 31 0 0 397.208 939.557
8 0 32 0 0 425.307 1061.01
8 0 33 0 0 402.984 1017.87
#########################################################
# HTOF Adc Down                                         #
#########################################################
8 0 0 0 1 452.807 799.704
8 0 1 0 1 209.711 1402.28
8 0 2 0 1 490.76 978.123
8 0 3 0 1 173.448 1268.81
8 0 4 0 1 450.936 944.704
8 0 5 0 1 454.823 944.505
8 0 6 0 1 478.94 1013.11
8 0 7 0 1 451.863 1058.46
8 0 8 0 1 284.389 888.517
8 0 9 0 1 194.711 775.434
8 0 10 0 1 458.551 944.754
8 0 11 0 1 356.189 798.393
8 0 12 0 1 428.71 1118.81
8 0 13 0 1 397.728 1131.79
8 0 14 0 1 432.496 929.617
8 0 15 0 1 424.217 912.421
8 0 16 0 1 412.997 871.707
8 0 17 0 1 435.823 889.154
8 0 18 0 1 478.245 909.052
8 0 19 0 1 461.781 835.987
8 0 20 0 1 436.225 755.131
8 0 21 0 1 466.454 845.673
8 0 22 0 1 469.286 969.817
8 0 23 0 1 434.707 876.191
8 0 24 0 1 483.015 972.639
8 0 25 0 1 420.735 803.828
8 0 26 0 1 172.726 776.705
8 0 27 0 1 231.777 744.619
8 0 28 0 1 431.753 1049.88
8 0 29 0 1 464.627 1071.37
8 0 30 0 1 460.04 1031.62
8 0 31 0 1 407.034 1047
8 0 32 0 1 443.936 1091.09
8 0 33 0 1 427.508 1146.95
#########################################################
# HTOF Tdc Up                                           #
#########################################################
8	0	0	1	0	950000	-0.0009390020
8	0	1	1	0	950000	-0.0009390020
8	0	2	1	0	950000	-0.0009390020
8	0	3	1	0	950000	-0.0009390020
8	0	4	1	0	950000	-0.0009390020
8	0	5	1	0	950000	-0.0009390020
8	0	6	1	0	950000	-0.0009390020
8	0	7	1	0	950000	-0.0009390020
8	0	8	1	0	950000	-0.0009390020
8	0	9	1	0	950000	-0.0009390020
8	0	10	1	0	950000	-0.0009390020
8	0	11	1	0	950000	-0.0009390020
8	0	12	1	0	950000	-0.0009390020
8	0	13	1	0	950000	-0.0009390020
8	0	14	1	0	950000	-0.0009390020
8	0	15	1	0	950000	-0.0009390020
8	0	16	1	0	950000	-0.0009390020
8	0	17	1	0	950000	-0.0009390020
8	0	18	1	0	950000	-0.0009390020
8	0	19	1	0	950000	-0.0009390020
8	0	20	1	0	950000	-0.0009390020
8	0	21	1	0	950000	-0.0009390020
8	0	22	1	0	950000	-0.0009390020
8	0	23	1	0	950000	-0.0009390020
8	0	24	1	0	950000	-0.0009390020
8	0	25	1	0	950000	-0.0009390020
8	0	26	1	0	950000	-0.0009390020
8	0	27	1	0	950000	-0.0009390020
8	0	28	1	0	950000	-0.0009390020
8	0	29	1	0	950000	-0.0009390020
8	0	30	1	0	950000	-0.0009390020
8	0	31	1	0	950000	-0.0009390020
8	0	32	1	0	950000	-0.0009390020
8	0	33	1	0	950000	-0.0009390020
#########################################################
# HTOF Tdc Down                                         #
#########################################################
8	0	0	1	1	950000	-0.0009390020
8	0	1	1	1	950000	-0.0009390020
8	0	2	1	1	950000	-0.0009390020
8	0	3	1	1	950000	-0.0009390020
8	0	4	1	1	950000	-0.0009390020
8	0	5	1	1	950000	-0.0009390020
8	0	6	1	1	950000	-0.0009390020
8	0	7	1	1	950000	-0.0009390020
8	0	8	1	1	950000	-0.0009390020
8	0	9	1	1	950000	-0.0009390020
8	0	10	1	1	950000	-0.0009390020
8	0	11	1	1	950000	-0.0009390020
8	0	12	1	1	950000	-0.0009390020
8	0	13	1	1	950000	-0.0009390020
8	0	14	1	1	950000	-0.0009390020
8	0	15	1	1	950000	-0.0009390020
8	0	16	1	1	950000	-0.0009390020
8	0	17	1	1	950000	-0.0009390020
8	0	18	1	1	950000	-0.0009390020
8	0	19	1	1	950000	-0.0009390020
8	0	20	1	1	950000	-0.0009390020
8	0	21	1	1	950000	-0.0009390020
8	0	22	1	1	950000	-0.0009390020
8	0	23	1	1	950000	-0.0009390020
8	0	24	1	1	950000	-0.0009390020
8	0	25	1	1	950000	-0.0009390020
8	0	26	1	1	950000	-0.0009390020
8	0	27	1	1	950000	-0.0009390020
8	0	28	1	1	950000	-0.0009390020
8	0	29	1	1	950000	-0.0009390020
8	0	30	1	1	950000	-0.0009390020
8	0	31	1	1	950000	-0.0009390020
8	0	32	1	1	950000	-0.0009390020
8	0	33	1	1	950000	-0.0009390020
#########################################################
# SCH Tdc                                               #
#########################################################
6	0	0	1	0	493.5	-1
6	0	1	1	0	493.5	-1
6	0	2	1	0	492.5	-1
6	0	3	1	0	492.5	-1
6	0	4	1	0	493.5	-1
6	0	5	1	0	493.5	-1
6	0	6	1	0	495.5	-1
6	0	7	1	0	495.5	-1
6	0	8	1	0	495.5	-1
6	0	9	1	0	494.5	-1
6	0	10	1	0	494.5	-1
6	0	11	1	0	492.5	-1
6	0	12	1	0	492.5	-1
6	0	13	1	0	491.5	-1
6	0	14	1	0	491.5	-1
6	0	15	1	0	492.5	-1
6	0	16	1	0	493.5	-1
6	0	17	1	0	491.5	-1
6	0	18	1	0	491.5	-1
6	0	19	1	0	491.5	-1
6	0	20	1	0	491.5	-1
6	0	21	1	0	491.5	-1
6	0	22	1	0	493.5	-1
6	0	23	1	0	493.5	-1
6	0	24	1	0	492.5	-1
6	0	25	1	0	493.5	-1
6	0	26	1	0	493.5	-1
6	0	27	1	0	491.5	-1
6	0	28	1	0	492.5	-1
6	0	29	1	0	492.5	-1
6	0	30	1	0	491.5	-1
6	0	31	1	0	489.5	-1
6	0	32	1	0	493.5	-1
6	0	33	1	0	492.5	-1
6	0	34	1	0	492.5	-1
6	0	35	1	0	493.5	-1
6	0	36	1	0	492.5	-1
6	0	37	1	0	492.5	-1
6	0	38	1	0	494.5	-1
6	0	39	1	0	495.5	-1
6	0	40	1	0	495.5	-1
6	0	41	1	0	495.5	-1
6	0	42	1	0	494.5	-1
6	0	43	1	0	493.5	-1
6	0	44	1	0	492.5	-1
6	0	45	1	0	492.5	-1
6	0	46	1	0	491.5	-1
6	0	47	1	0	491.5	-1
6	0	48	1	0	492.5	-1
6	0	49	1	0	491.5	-1
6	0	50	1	0	491.5	-1
6	0	51	1	0	491.5	-1
6	0	52	1	0	491.5	-1
6	0	53	1	0	492.5	-1
6	0	54	1	0	492.5	-1
6	0	55	1	0	493.5	-1
6	0	56	1	0	494.5	-1
6	0	57	1	0	491.5	-1
6	0	58	1	0	493.5	-1
6	0	59	1	0	492.5	-1
6	0	60	1	0	492.5	-1
6	0	61	1	0	492.5	-1
6	0	62	1	0	493.5	-1
6	0	63	1	0	489.5	-1
#########################################################
# BVH Tdc                                               #
#########################################################
9	0	0	1	0	500.000	-0.8333
9	0	1	1	0	500.000	-0.8333
9	0	2	1	0	500.000	-0.8333
9	0	3	1	0	500.000	-0.8333
#########################################################
# TOF Adc Up, Callibrated with run 05421                #
#########################################################
7	0	0	0	0	211.343	700.165
7	0	1	0	0	192.379	661.037
7	0	2	0	0	237.184	757.205
7	0	3	0	0	103.405	165.713
7	0	4	0	0	214.83	825.694
7	0	5	0	0	194.828	692.555
7	0	6	0	0	196.778	756.989
7	0	7	0	0	172.837	726.334
7	0	8	0	0	185.193	609.553
7	0	9	0	0	161.208	697.871
7	0	10	0	0	186.448	728.908
7	0	11	0	0	188.521	739.466
7	0	12	0	0	179.863	773.963
7	0	13	0	0	165.199	695.208
7	0	14	0	0	163.341	784.213
7	0	15	0	0	151.192	703.488
7	0	16	0	0	153.946	818.733
7	0	17	0	0	88.7678	698.989
7	0	18	0	0	162.19	737.567
7	0	19	0	0	156.447	775.08
7	0	20	0	0	176.393	577.377
7	0	21	0	0	186.996	780.119
7	0	22	0	0	141.413	713.5
7	0	23	0	0	179.611	756.378
#########################################################
# TOF Adc Down                                          #
#########################################################
7	0	0	0	1	232.917	692.929
7	0	1	0	1	121.806	481.822
7	0	2	0	1	173.679	742.697
7	0	3	0	1	194.63	682.818
7	0	4	0	1	168.236	612.203
7	0	5	0	1	164.618	679.959
7	0	6	0	1	158.213	670.722
7	0	7	0	1	185.737	710.943
7	0	8	0	1	67.6757	609.799
7	0	9	0	1	160.988	760.271
7	0	10	0	1	179.872	736.089
7	0	11	0	1	153.532	841.03
7	0	12	0	1	149.276	859.503
7	0	13	0	1	138.117	722.143
7	0	14	0	1	146.349	704.714
7	0	15	0	1	180.457	700.954
7	0	16	0	1	162.841	842.113
7	0	17	0	1	132.134	841.758
7	0	18	0	1	185.745	938.82
7	0	19	0	1	130.071	793.972
7	0	20	0	1	152.885	865.494
7	0	21	0	1	138.344	912.457
7	0	22	0	1	160.162	835.237
7	0	23	0	1	160.052	779.119
#########################################################
# TOF Tdc Up                                            #
#########################################################
7 0 0 1 0 296433 -0.0009390020
7 0 1 1 0 299079 -0.0009390020
7 0 2 1 0 299615 -0.0009390020
7 0 3 1 0 303287 -0.0009390020
7 0 4 1 0 303081 -0.0009390020
7 0 5 1 0 300971 -0.0009390020
7 0 6 1 0 299448 -0.0009390020
7 0 7 1 0 300525 -0.0009390020
7 0 8 1 0 301176 -0.0009390020
7 0 9 1 0 301613 -0.0009390020
7 0 10 1 0 302024 -0.0009390020
7 0 11 1 0 300550 -0.0009390020
7 0 12 1 0 301234 -0.0009390020
7 0 13 1 0 300206 -0.0009390020
7 0 14 1 0 299358 -0.0009390020
7 0 15 1 0 300530 -0.0009390020
7 0 16 1 0 301156 -0.0009390020
7 0 17 1 0 302301 -0.0009390020
7 0 18 1 0 300507 -0.0009390020
7 0 19 1 0 301105 -0.0009390020
7 0 20 1 0 301787 -0.0009390020
7 0 21 1 0 298800 -0.0009390020
7 0 22 1 0 300052 -0.0009390020
7 0 23 1 0 295573 -0.0009390020
#########################################################
# TOF Tdc Down                                          #
#########################################################
7 0 0 1 1 297746 -0.0009390020
7 0 1 1 1 300118 -0.0009390020
7 0 2 1 1 300423 -0.0009390020
7 0 3 1 1 302200 -0.0009390020
7 0 4 1 1 303175 -0.0009390020
7 0 5 1 1 300929 -0.0009390020
7 0 6 1 1 299989 -0.0009390020
7 0 7 1 1 302392 -0.0009390020
7 0 8 1 1 300901 -0.0009390020
7 0 9 1 1 303436 -0.0009390020
7 0 10 1 1 302834 -0.0009390020
7 0 11 1 1 302133 -0.0009390020
7 0 12 1 1 302337 -0.0009390020
7 0 13 1 1 302563 -0.0009390020
7 0 14 1 1 301567 -0.0009390020
7 0 15 1 1 303327 -0.0009390020
7 0 16 1 1 302139 -0.0009390020
7 0 17 1 1 303024 -0.0009390020
7 0 18 1 1 302463 -0.0009390020
7 0 19 1 1 302850 -0.0009390020
7 0 20 1 1 303180 -0.0009390020
7 0 21 1 1 302306 -0.0009390020
7 0 22 1 1 299158 -0.0009390020
7 0 23 1 1 297680 -0.0009390020
#########################################################
# VTOF  Callibrated with Scattering Run                 #
#########################################################
7 0 0 1 2 19.426167 -1
7 0 1 1 2 17.249517 -1
7 0 2 1 2 15.761435 -1
7 0 3 1 2 13.846572 -1
7 0 4 1 2 13.683607 -1
7 0 5 1 2 13.467214 -1
7 0 6 1 2 13.881210 -1
7 0 7 1 2 13.529583 -1
7 0 8 1 2 13.717499 -1
7 0 9 1 2 13.171031 -1
7 0 10 1 2 13.354061 -1
7 0 11 1 2 13.555157 -1
7 0 12 1 2 13.487074 -1
7 0 13 1 2 13.074507 -1
7 0 14 1 2 13.314528 -1
7 0 15 1 2 13.348535 -1
7 0 16 1 2 13.798595 -1
7 0 17 1 2 13.705267 -1
7 0 18 1 2 14.332588 -1
7 0 19 1 2 14.483979 -1
7 0 20 1 2 15.067385 -1
7 0 21 1 2 15.490746 -1
7 0 22 1 2 17.431367 -1
7 0 23 1 2 19.514288 -1
#########################################################
# LAC Tdc                                               #
#########################################################
12	0	0	1	0	264.632		-0.8333
12	0	1	1	0	264.262		-0.8333
12	0	2	1	0	264.444		-0.8333
12	0	3	1	0	262.44 		-0.8333
12	0	4	1	0	264.591		-0.8333
12	0	5	1	0	262.095		-0.8333
12	0	6	1	0	265.075		-0.8333
12	0	7	1	0	264.418		-0.8333
12	0	8	1	0	265.543		-0.8333
12	0	9	1	0	263.758		-0.8333
12	0	10	1	0	262.765		-0.8333
12	0	11	1	0	264.218		-0.8333
12	0	12	1	0	264.326		-0.8333
12	0	13	1	0	263.626		-0.8333
12	0	14	1	0	261.617		-0.8333
12	0	15	1	0	263.687		-0.8333
12	0	16	1	0	264.802		-0.8333
12	0	17	1	0	263.953		-0.8333
12	0	18	1	0	263.419		-0.8333
12	0	19	1	0	264.283		-0.8333
12	0	20	1	0	264.283		-0.8333
12	0	21	1	0	264.283		-0.8333
12	0	22	1	0	264.283		-0.8333
12	0	23	1	0	264.283		-0.8333
12	0	24	1	0	264.283		-0.8333
12	0	25	1	0	264.283		-0.8333
12	0	26	1	0	264.283		-0.8333
12	0	27	1	0	264.283		-0.8333
12	0	28	1	0	264.283		-0.8333
12	0	29	1	0	264.283		-0.8333
#########################################################
# WC Adc Up                                             #
#########################################################
13	0	0	0	0	277.213    322.613
13	0	1	0	0	142.163    187.563
13	0	2	0	0	291.906    337.306
13	0	3	0	0	162.43     207.83
13	0	4	0	0	263.358    308.758
13	0	5	0	0	180.357    225.757
13	0	6	0	0	205.949    251.349
13	0	7	0	0	279.856    325.256
13	0	8	0	0	249.617    295.017
13	0	9	0	0	290.162    335.562
13	0	10	0	0	242.805    288.205
13	0	11	0	0	88.7676    134.168
13	0	12	0	0	129.023    174.423
13	0	13	0	0	219.54     264.94
13	0	14	0	0	149.984    195.384
13	0	15	0	0	277.992    323.392
13	0	16	0	0	177.264    222.664
13	0	17	0	0	194.297    239.697
13	0	18	0	0	173.874    219.274
13	0	19	0	0	144.632    190.032
#########################################################
# WC Adc Down                                           #
#########################################################
13	0	0	0	1	169.812    215.212
13	0	1	0	1	122.068    167.468
13	0	2	0	1	131.469    176.869
13	0	3	0	1	185.777    231.177
13	0	4	0	1	181.172    226.572
13	0	5	0	1	138.339    183.739
13	0	6	0	1	158.581    203.981
13	0	7	0	1	155.785    201.185
13	0	8	0	1	140.002    185.402
13	0	9	0	1	181.385    226.785
13	0	10	0	1	175.433    220.833
13	0	11	0	1	158.362    203.762
13	0	12	0	1	171.879    217.279
13	0	13	0	1	147.89    193.29
13	0	14	0	1	170.527    215.927
13	0	15	0	1	143.058    188.458
13	0	16	0	1	158.308    203.708
13	0	17	0	1	149.135    194.535
13	0	18	0	1	92.8549    138.255
13	0	19	0	1	142.195    187.595
#########################################################
# WC Tdc Up                                             #
#########################################################
13	0	0	1	0	264.632		-0.8333
13	0	1	1	0	264.262		-0.8333
13	0	2	1	0	264.444		-0.8333
13	0	3	1	0	262.44 		-0.8333
13	0	4	1	0	264.591		-0.8333
13	0	5	1	0	262.095		-0.8333
13	0	6	1	0	265.075		-0.8333
13	0	7	1	0	264.418		-0.8333
13	0	8	1	0	265.543		-0.8333
13	0	9	1	0	263.758		-0.8333
13	0	10	1	0	262.765		-0.8333
13	0	11	1	0	264.218		-0.8333
13	0	12	1	0	264.326		-0.8333
13	0	13	1	0	263.626		-0.8333
13	0	14	1	0	261.617		-0.8333
13	0	15	1	0	263.687		-0.8333
13	0	16	1	0	264.802		-0.8333
13	0	17	1	0	263.953		-0.8333
13	0	18	1	0	263.419		-0.8333
13	0	19	1	0	264.283		-0.8333
#########################################################
# WC Tdc Down                                           #
#########################################################
13	0	0	1	1	266.558		-0.8333
13	0	1	1	1	264.282		-0.8333
13	0	2	1	1	263.876		-0.8333
13	0	3	1	1	264.148		-0.8333
13	0	4	1	1	263.198		-0.8333
13	0	5	1	1	262.901		-0.8333
13	0	6	1	1	266.543		-0.8333
13	0	7	1	1	265.384		-0.8333
13	0	8	1	1	265.255		-0.8333
13	0	9	1	1	263.428		-0.8333
13	0	10	1	1	264.592		-0.8333
13	0	11	1	1	262.015		-0.8333
13	0	12	1	1	264.165		-0.8333
13	0	13	1	1	263.72 		-0.8333
13	0	14	1	1	264.397		-0.8333
13	0	15	1	1	265.34 		-0.8333
13	0	16	1	1	265.74		-0.8333
13	0	17	1	1	265.587		-0.8333
13	0	18	1	1	262.753		-0.8333
13	0	19	1	1	262.756		-0.8333
#########################################################
# WC SUM Adc                                            #
#########################################################
14	0	0	0	0	357.162    379.962
14	0	1	0	0	234.087    256.887
14	0	2	0	0	356.191    378.991
14	0	3	0	0	441.846    464.646
14	0	4	0	0	373.337    396.137
14	0	5	0	0	651.894    674.694
14	0	6	0	0	480.702    503.502
14	0	7	0	0	298.91     321.71
14	0	8	0	0	305.45     328.25
14	0	9	0	0	294.197    316.997
14	0	10	0	0	291.751    314.551
14	0	11	0	0	182.184    204.984
14	0	12	0	0	74.4955    97.2955
14	0	13	0	0	116.605    139.405
14	0	14	0	0	205.58     228.38
14	0	15	0	0	157.466    180.266
14	0	16	0	0	96.0163    118.816
14	0	17	0	0	284.552    307.352
14	0	18	0	0	253.383    276.183
14	0	19	0	0	153.63     176.43
#########################################################
# WC SUM Tdc                                            #
#########################################################
14	0	0	1	0	272.498		-0.8333
14	0	1	1	0	270.587		-0.8333
14	0	2	1	0	271.011		-0.8333
14	0	3	1	0	271.123		-0.8333
14	0	4	1	0	270.28 		-0.8333
14	0	5	1	0	270.162		-0.8333
14	0	6	1	0	271.963		-0.8333
14	0	7	1	0	271.628		-0.8333
14	0	8	1	0	271.599		-0.8333
14	0	9	1	0	270.006		-0.8333
14	0	10	1	0	271.534		-0.8333
14	0	11	1	0	269.025		-0.8333
14	0	12	1	0	269.562		-0.8333
14	0	13	1	0	269    		-0.8333
14	0	14	1	0	269.35 		-0.8333
14	0	15	1	0	271.72 		-0.8333
14	0	16	1	0	269.122		-0.8333
14	0	17	1	0	269.859		-0.8333
14	0	18	1	0	269.613		-0.8333
14	0	19	1	0	268.98 		-0.8333
#########################################################
# BFT-U Tdc                                             #
#########################################################
110	0	0	1	0	684.5	-1
110	0	1	1	0	685.5	-1
110	0	2	1	0	684.5	-1
110	0	3	1	0	686.5	-1
110	0	4	1	0	684.5	-1
110	0	5	1	0	686.5	-1
110	0	6	1	0	684.5	-1
110	0	7	1	0	687.5	-1
110	0	8	1	0	684.5	-1
110	0	9	1	0	686.5	-1
110	0	10	1	0	685.5	-1
110	0	11	1	0	687.5	-1
110	0	12	1	0	683.5	-1
110	0	13	1	0	688.5	-1
110	0	14	1	0	685.5	-1
110	0	15	1	0	688.5	-1
110	0	16	1	0	686.5	-1
110	0	17	1	0	688.5	-1
110	0	18	1	0	685.5	-1
110	0	19	1	0	685.5	-1
110	0	20	1	0	685.5	-1
110	0	21	1	0	688.5	-1
110	0	22	1	0	685.5	-1
110	0	23	1	0	686.5	-1
110	0	24	1	0	686.5	-1
110	0	25	1	0	688.5	-1
110	0	26	1	0	685.5	-1
110	0	27	1	0	686.5	-1
110	0	28	1	0	685.5	-1
110	0	29	1	0	688.5	-1
110	0	30	1	0	685.5	-1
110	0	31	1	0	687.5	-1
110	0	32	1	0	685.5	-1
110	0	33	1	0	686.5	-1
110	0	34	1	0	685.5	-1
110	0	35	1	0	687.5	-1
110	0	36	1	0	685.5	-1
110	0	37	1	0	688.5	-1
110	0	38	1	0	684.5	-1
110	0	39	1	0	686.5	-1
110	0	40	1	0	684.5	-1
110	0	41	1	0	687.5	-1
110	0	42	1	0	684.5	-1
110	0	43	1	0	687.5	-1
110	0	44	1	0	684.5	-1
110	0	45	1	0	687.5	-1
110	0	46	1	0	684.5	-1
110	0	47	1	0	687.5	-1
110	0	48	1	0	685.5	-1
110	0	49	1	0	688.5	-1
110	0	50	1	0	685.5	-1
110	0	51	1	0	686.5	-1
110	0	52	1	0	684.5	-1
110	0	53	1	0	687.5	-1
110	0	54	1	0	683.5	-1
110	0	55	1	0	687.5	-1
110	0	56	1	0	685.5	-1
110	0	57	1	0	687.5	-1
110	0	58	1	0	683.5	-1
110	0	59	1	0	687.5	-1
110	0	60	1	0	683.5	-1
110	0	61	1	0	685.5	-1
110	0	62	1	0	683.5	-1
110	0	63	1	0	686.5	-1
110	0	64	1	0	682.5	-1
110	0	65	1	0	684.5	-1
110	0	66	1	0	684.5	-1
110	0	67	1	0	683.5	-1
110	0	68	1	0	683.5	-1
110	0	69	1	0	684.5	-1
110	0	70	1	0	683.5	-1
110	0	71	1	0	684.5	-1
110	0	72	1	0	683.5	-1
110	0	73	1	0	684.5	-1
110	0	74	1	0	684.5	-1
110	0	75	1	0	685.5	-1
110	0	76	1	0	683.5	-1
110	0	77	1	0	685.5	-1
110	0	78	1	0	684.5	-1
110	0	79	1	0	684.5	-1
110	0	80	1	0	685.5	-1
110	0	81	1	0	686.5	-1
110	0	82	1	0	684.5	-1
110	0	83	1	0	685.5	-1
110	0	84	1	0	684.5	-1
110	0	85	1	0	685.5	-1
110	0	86	1	0	684.5	-1
110	0	87	1	0	685.5	-1
110	0	88	1	0	685.5	-1
110	0	89	1	0	686.5	-1
110	0	90	1	0	684.5	-1
110	0	91	1	0	684.5	-1
110	0	92	1	0	685.5	-1
110	0	93	1	0	686.5	-1
110	0	94	1	0	684.5	-1
110	0	95	1	0	685.5	-1
110	0	96	1	0	685.5	-1
110	0	97	1	0	685.5	-1
110	0	98	1	0	683.5	-1
110	0	99	1	0	684.5	-1
110	0	100	1	0	685.5	-1
110	0	101	1	0	686.5	-1
110	0	102	1	0	684.5	-1
110	0	103	1	0	684.5	-1
110	0	104	1	0	683.5	-1
110	0	105	1	0	685.5	-1
110	0	106	1	0	683.5	-1
110	0	107	1	0	684.5	-1
110	0	108	1	0	684.5	-1
110	0	109	1	0	685.5	-1
110	0	110	1	0	683.5	-1
110	0	111	1	0	684.5	-1
110	0	112	1	0	685.5	-1
110	0	113	1	0	686.5	-1
110	0	114	1	0	684.5	-1
110	0	115	1	0	684.5	-1
110	0	116	1	0	684.5	-1
110	0	117	1	0	685.5	-1
110	0	118	1	0	683.5	-1
110	0	119	1	0	683.5	-1
110	0	120	1	0	685.5	-1
110	0	121	1	0	685.5	-1
110	0	122	1	0	684.5	-1
110	0	123	1	0	684.5	-1
110	0	124	1	0	684.5	-1
110	0	125	1	0	681.5	-1
110	0	126	1	0	683.5	-1
110	0	127	1	0	683.5	-1
110	0	128	1	0	684.5	-1
110	0	129	1	0	683.5	-1
110	0	130	1	0	682.5	-1
110	0	131	1	0	682.5	-1
110	0	132	1	0	684.5	-1
110	0	133	1	0	684.5	-1
110	0	134	1	0	682.5	-1
110	0	135	1	0	682.5	-1
110	0	136	1	0	683.5	-1
110	0	137	1	0	684.5	-1
110	0	138	1	0	683.5	-1
110	0	139	1	0	683.5	-1
110	0	140	1	0	683.5	-1
110	0	141	1	0	683.5	-1
110	0	142	1	0	683.5	-1
110	0	143	1	0	683.5	-1
110	0	144	1	0	685.5	-1
110	0	145	1	0	684.5	-1
110	0	146	1	0	684.5	-1
110	0	147	1	0	685.5	-1
110	0	148	1	0	684.5	-1
110	0	149	1	0	683.5	-1
110	0	150	1	0	684.5	-1
110	0	151	1	0	684.5	-1
110	0	152	1	0	683.5	-1
110	0	153	1	0	683.5	-1
110	0	154	1	0	684.5	-1
110	0	155	1	0	684.5	-1
110	0	156	1	0	683.5	-1
110	0	157	1	0	683.5	-1
110	0	158	1	0	685.5	-1
110	0	159	1	0	684.5	-1
#########################################################
# BFT-D Tdc                                             #
#########################################################
110	1	0	1	0	683.5	-1
110	1	1	1	0	684.5	-1
110	1	2	1	0	683.5	-1
110	1	3	1	0	685.5	-1
110	1	4	1	0	683.5	-1
110	1	5	1	0	684.5	-1
110	1	6	1	0	684.5	-1
110	1	7	1	0	684.5	-1
110	1	8	1	0	683.5	-1
110	1	9	1	0	684.5	-1
110	1	10	1	0	684.5	-1
110	1	11	1	0	686.5	-1
110	1	12	1	0	684.5	-1
110	1	13	1	0	685.5	-1
110	1	14	1	0	684.5	-1
110	1	15	1	0	685.5	-1
110	1	16	1	0	685.5	-1
110	1	17	1	0	686.5	-1
110	1	18	1	0	684.5	-1
110	1	19	1	0	686.5	-1
110	1	20	1	0	685.5	-1
110	1	21	1	0	686.5	-1
110	1	22	1	0	684.5	-1
110	1	23	1	0	685.5	-1
110	1	24	1	0	686.5	-1
110	1	25	1	0	686.5	-1
110	1	26	1	0	684.5	-1
110	1	27	1	0	686.5	-1
110	1	28	1	0	685.5	-1
110	1	29	1	0	686.5	-1
110	1	30	1	0	684.5	-1
110	1	31	1	0	685.5	-1
110	1	32	1	0	683.5	-1
110	1	33	1	0	684.5	-1
110	1	34	1	0	684.5	-1
110	1	35	1	0	685.5	-1
110	1	36	1	0	686.5	-1
110	1	37	1	0	685.5	-1
110	1	38	1	0	685.5	-1
110	1	39	1	0	685.5	-1
110	1	40	1	0	684.5	-1
110	1	41	1	0	685.5	-1
110	1	42	1	0	683.5	-1
110	1	43	1	0	685.5	-1
110	1	44	1	0	684.5	-1
110	1	45	1	0	685.5	-1
110	1	46	1	0	683.5	-1
110	1	47	1	0	685.5	-1
110	1	48	1	0	685.5	-1
110	1	49	1	0	686.5	-1
110	1	50	1	0	683.5	-1
110	1	51	1	0	685.5	-1
110	1	52	1	0	684.5	-1
110	1	53	1	0	685.5	-1
110	1	54	1	0	683.5	-1
110	1	55	1	0	685.5	-1
110	1	56	1	0	685.5	-1
110	1	57	1	0	685.5	-1
110	1	58	1	0	685.5	-1
110	1	59	1	0	685.5	-1
110	1	60	1	0	683.5	-1
110	1	61	1	0	685.5	-1
110	1	62	1	0	683.5	-1
110	1	63	1	0	684.5	-1
110	1	64	1	0	683.5	-1
110	1	65	1	0	683.5	-1
110	1	66	1	0	683.5	-1
110	1	67	1	0	683.5	-1
110	1	68	1	0	682.5	-1
110	1	69	1	0	684.5	-1
110	1	70	1	0	684.5	-1
110	1	71	1	0	684.5	-1
110	1	72	1	0	683.5	-1
110	1	73	1	0	684.5	-1
110	1	74	1	0	683.5	-1
110	1	75	1	0	685.5	-1
110	1	76	1	0	684.5	-1
110	1	77	1	0	685.5	-1
110	1	78	1	0	684.5	-1
110	1	79	1	0	684.5	-1
110	1	80	1	0	685.5	-1
110	1	81	1	0	685.5	-1
110	1	82	1	0	685.5	-1
110	1	83	1	0	684.5	-1
110	1	84	1	0	684.5	-1
110	1	85	1	0	684.5	-1
110	1	86	1	0	683.5	-1
110	1	87	1	0	683.5	-1
110	1	88	1	0	685.5	-1
110	1	89	1	0	685.5	-1
110	1	90	1	0	683.5	-1
110	1	91	1	0	684.5	-1
110	1	92	1	0	685.5	-1
110	1	93	1	0	686.5	-1
110	1	94	1	0	683.5	-1
110	1	95	1	0	684.5	-1
110	1	96	1	0	684.5	-1
110	1	97	1	0	685.5	-1
110	1	98	1	0	683.5	-1
110	1	99	1	0	684.5	-1
110	1	100	1	0	684.5	-1
110	1	101	1	0	685.5	-1
110	1	102	1	0	683.5	-1
110	1	103	1	0	684.5	-1
110	1	104	1	0	684.5	-1
110	1	105	1	0	684.5	-1
110	1	106	1	0	683.5	-1
110	1	107	1	0	683.5	-1
110	1	108	1	0	684.5	-1
110	1	109	1	0	684.5	-1
110	1	110	1	0	683.5	-1
110	1	111	1	0	684.5	-1
110	1	112	1	0	685.5	-1
110	1	113	1	0	686.5	-1
110	1	114	1	0	683.5	-1
110	1	115	1	0	684.5	-1
110	1	116	1	0	684.5	-1
110	1	117	1	0	684.5	-1
110	1	118	1	0	681.5	-1
110	1	119	1	0	683.5	-1
110	1	120	1	0	684.5	-1
110	1	121	1	0	685.5	-1
110	1	122	1	0	683.5	-1
110	1	123	1	0	685.5	-1
110	1	124	1	0	683.5	-1
110	1	125	1	0	684.5	-1
110	1	126	1	0	683.5	-1
110	1	127	1	0	684.5	-1
110	1	128	1	0	683.5	-1
110	1	129	1	0	683.5	-1
110	1	130	1	0	681.5	-1
110	1	131	1	0	682.5	-1
110	1	132	1	0	683.5	-1
110	1	133	1	0	683.5	-1
110	1	134	1	0	682.5	-1
110	1	135	1	0	682.5	-1
110	1	136	1	0	683.5	-1
110	1	137	1	0	683.5	-1
110	1	138	1	0	683.5	-1
110	1	139	1	0	684.5	-1
110	1	140	1	0	682.5	-1
110	1	141	1	0	682.5	-1
110	1	142	1	0	683.5	-1
110	1	143	1	0	684.5	-1
110	1	144	1	0	683.5	-1
110	1	145	1	0	683.5	-1
110	1	146	1	0	683.5	-1
110	1	147	1	0	683.5	-1
110	1	148	1	0	681.5	-1
110	1	149	1	0	683.5	-1
110	1	150	1	0	682.5	-1
110	1	151	1	0	682.5	-1
110	1	152	1	0	683.5	-1
110	1	153	1	0	683.5	-1
110	1	154	1	0	682.5	-1
110	1	155	1	0	683.5	-1
110	1	156	1	0	682.5	-1
110	1	157	1	0	682.5	-1
110	1	158	1	0	683.5	-1
110	1	159	1	0	684.5	-1
#########################################################
# TPC Clock                                             #
#########################################################
0	0	0	1	0	335452	-0.0009390020
