###	SDC1
1	0	6 6 -8.89588 0.0182559 0.00172997 -5.78072e-06 -5.11815e-07 5.03615e-09
2	0	6 6 -9.58997 0.00613924 0.0031835 -7.84433e-05 9.99998e-07 -6.02974e-09
3	0	6 6 -9.4922 0.0104728 0.0030504 -7.69373e-05 1e-06 -6.13538e-09
4	0	6 6 -9.48472 0.0124643 0.00295926 -7.56506e-05 1e-06 -6.23311e-09
5	0	6 6 -9.16559 0.00377083 0.00326398 -7.91873e-05 1e-06 -5.96958e-09
6	0	6 6 -9.74312 0.000461176 0.00331971 -7.87809e-05 9.99558e-07 -6.12007e-09
###	SDC2
7	0	6 6 -11.0288 -3.65335e-06 0.00301566 -5.52535e-05 4.38085e-07 -1.33958e-09
8	0	6 6 -10.0425 0.0124953 0.00280747 -5.83353e-05 5.24667e-07 -1.82221e-09
9	0	6 6 -9.67747 0.0167758 0.00243388 -4.93122e-05 4.23808e-07 -1.40086e-09
10	0	6 6 -10.2614 9.7924e-07 0.00332603 -6.50345e-05 5.61547e-07 -1.90015e-09
