### SDC1-V1
#
1	1	0.833 -428.809
1	2	0.833 -438.809
1	3	0.833 -429.839
1	4	0.833 -431.628
1	5	0.833 -438.809
1	6	0.833 -431.705
1	7	0.833 -435.214
1	8	0.833 -428.809
1	9	0.833 -429.309
1	10	0.833 -429.616
1	11	0.833 -432.041
1	12	0.833 -432.355
1	13	0.833 -428.809
1	14	0.833 -429.5
1	15	0.833 -432.022
1	16	0.833 -432.4
1	17	0.833 -433.185
1	18	0.833 -435.196
1	19	0.833 -435.096
1	20	0.833 -434.902
1	21	0.833 -436.648
1	22	0.833 -437.617
1	23	0.833 -435.942
1	24	0.833 -432.947
1	25	0.833 -437.624
1	26	0.833 -438.425
1	27	0.833 -437.412
1	28	0.833 -437.416
1	29	0.833 -435.488
1	30	0.833 -436.355
1	31	0.833 -435.095
1	32	0.833 -436.752
1	33	0.833 -435.027
1	34	0.833 -438.809
1	35	0.833 -437.392
1	36	0.833 -437.93
1	37	0.833 -438.809
1	38	0.833 -438.151
1	39	0.833 -438.477
1	40	0.833 -436.666
1	41	0.833 -438.809
1	42	0.833 -438.809
1	43	0.833 -437.184
1	44	0.833 -437.459
1	45	0.833 -437.073
1	46	0.833 -437.21
1	47	0.833 -429.428
1	48	0.833 -436.391
1	49	0.833 -428.809
1	50	0.833 -428.809
1	51	0.833 -428.809
1	52	0.833 -428.809
1	53	0.833 -428.809
1	54	0.833 -428.809
1	55	0.833 -428.809
1	56	0.833 -428.809
1	57	0.833 -429.344
1	58	0.833 -430.31
1	59	0.833 -431.939
1	60	0.833 -429.876
1	61	0.833 -428.809
1	62	0.833 -428.809
1	63	0.833 -435.209
1	64	0.833 -435.629
### SDC1-V2
#
2	1	0.833 -430.881
2	2	0.833 -440.881
2	3	0.833 -436.362
2	4	0.833 -435.127
2	5	0.833 -437.075
2	6	0.833 -436.646
2	7	0.833 -435.361
2	8	0.833 -431.614
2	9	0.833 -436.654
2	10	0.833 -433.384
2	11	0.833 -434.644
2	12	0.833 -430.881
2	13	0.833 -434.781
2	14	0.833 -433.953
2	15	0.833 -437.66
2	16	0.833 -434.42
2	17	0.833 -439.854
2	18	0.833 -435.294
2	19	0.833 -439.48
2	20	0.833 -435.565
2	21	0.833 -440.055
2	22	0.833 -439.259
2	23	0.833 -438.391
2	24	0.833 -439.045
2	25	0.833 -440.097
2	26	0.833 -436.391
2	27	0.833 -438.208
2	28	0.833 -437.878
2	29	0.833 -438.812
2	30	0.833 -435.979
2	31	0.833 -434.651
2	32	0.833 -437.504
2	33	0.833 -440.881
2	34	0.833 -437.722
2	35	0.833 -440.881
2	36	0.833 -440.428
2	37	0.833 -440.881
2	38	0.833 -440.881
2	39	0.833 -437.282
2	40	0.833 -439.249
2	41	0.833 -440.881
2	42	0.833 -440.799
2	43	0.833 -440.881
2	44	0.833 -439.6
2	45	0.833 -439.814
2	46	0.833 -437.753
2	47	0.833 -431.026
2	48	0.833 -431.74
2	49	0.833 -433.108
2	50	0.833 -432.68
2	51	0.833 -430.881
2	52	0.833 -430.881
2	53	0.833 -430.881
2	54	0.833 -430.881
2	55	0.833 -430.881
2	56	0.833 -430.881
2	57	0.833 -432.952
2	58	0.833 -432.465
2	59	0.833 -430.881
2	60	0.833 -437.34
2	61	0.833 -430.881
2	62	0.833 -431.52
2	63	0.833 -431.367
2	64	0.833 -433.329
### SDC1-X1
#
3	1	0.833 -439.135
3	2	0.833 -440.864
3	3	0.833 -436.314
3	4	0.833 -430.864
3	5	0.833 -440.864
3	6	0.833 -437.005
3	7	0.833 -439.803
3	8	0.833 -435.796
3	9	0.833 -438.51
3	10	0.833 -439.727
3	11	0.833 -435.765
3	12	0.833 -437.879
3	13	0.833 -439.266
3	14	0.833 -439.738
3	15	0.833 -440.292
3	16	0.833 -436.322
3	17	0.833 -436.806
3	18	0.833 -437.85
3	19	0.833 -439.298
3	20	0.833 -438.498
3	21	0.833 -439.77
3	22	0.833 -440.595
3	23	0.833 -438.9
3	24	0.833 -438.992
3	25	0.833 -440.676
3	26	0.833 -440.497
3	27	0.833 -440.864
3	28	0.833 -440.252
3	29	0.833 -438.025
3	30	0.833 -440.864
3	31	0.833 -437.976
3	32	0.833 -437.614
3	33	0.833 -437.917
3	34	0.833 -437.261
3	35	0.833 -437.644
3	36	0.833 -440.864
3	37	0.833 -438.913
3	38	0.833 -438.586
3	39	0.833 -440.864
3	40	0.833 -434.384
3	41	0.833 -434.52
3	42	0.833 -433.926
3	43	0.833 -438.835
3	44	0.833 -436.736
3	45	0.833 -438.747
3	46	0.833 -439.091
3	47	0.833 -430.864
3	48	0.833 -437.507
3	49	0.833 -436.195
3	50	0.833 -435.919
3	51	0.833 -430.864
3	52	0.833 -430.864
3	53	0.833 -430.864
3	54	0.833 -430.864
3	55	0.833 -430.864
3	56	0.833 -430.864
3	57	0.833 -430.864
3	58	0.833 -430.864
3	59	0.833 -439.867
3	60	0.833 -430.864
3	61	0.833 -430.864
3	62	0.833 -430.864
3	63	0.833 -437.307
3	64	0.833 -435.99
### SDC1-X2
#
4	1	0.833 -440.75
4	2	0.833 -430.75
4	3	0.833 -438.622
4	4	0.833 -437.042
4	5	0.833 -439.106
4	6	0.833 -439.31
4	7	0.833 -437.144
4	8	0.833 -440.75
4	9	0.833 -440.637
4	10	0.833 -430.75
4	11	0.833 -440.75
4	12	0.833 -440.75
4	13	0.833 -439.421
4	14	0.833 -440.194
4	15	0.833 -437.352
4	16	0.833 -437.47
4	17	0.833 -437.1
4	18	0.833 -438.761
4	19	0.833 -437.871
4	20	0.833 -440.75
4	21	0.833 -439.806
4	22	0.833 -440.75
4	23	0.833 -439.708
4	24	0.833 -438.484
4	25	0.833 -439.664
4	26	0.833 -438.544
4	27	0.833 -438.266
4	28	0.833 -440.516
4	29	0.833 -440.75
4	30	0.833 -440.232
4	31	0.833 -438.436
4	32	0.833 -437.799
4	33	0.833 -436.929
4	34	0.833 -436.659
4	35	0.833 -437.896
4	36	0.833 -436.042
4	37	0.833 -438.323
4	38	0.833 -440.554
4	39	0.833 -440.505
4	40	0.833 -440.75
4	41	0.833 -440.75
4	42	0.833 -438.579
4	43	0.833 -438.772
4	44	0.833 -439.24
4	45	0.833 -438.824
4	46	0.833 -438.039
4	47	0.833 -437.823
4	48	0.833 -430.75
4	49	0.833 -430.75
4	50	0.833 -430.75
4	51	0.833 -430.75
4	52	0.833 -430.75
4	53	0.833 -430.75
4	54	0.833 -430.75
4	55	0.833 -430.75
4	56	0.833 -430.75
4	57	0.833 -430.75
4	58	0.833 -430.75
4	59	0.833 -430.75
4	60	0.833 -430.75
4	61	0.833 -430.75
4	62	0.833 -430.75
4	63	0.833 -430.75
4	64	0.833 -431.432
### SDC1-U1
#
5	1	0.833 -441.464
5	2	0.833 -441.464
5	3	0.833 -437.306
5	4	0.833 -438.649
5	5	0.833 -436.282
5	6	0.833 -437.58
5	7	0.833 -434.42
5	8	0.833 -437.294
5	9	0.833 -439.093
5	10	0.833 -441.464
5	11	0.833 -437.667
5	12	0.833 -438.268
5	13	0.833 -441.42
5	14	0.833 -439.816
5	15	0.833 -437.421
5	16	0.833 -441.464
5	17	0.833 -441.464
5	18	0.833 -435.953
5	19	0.833 -439.07
5	20	0.833 -437.46
5	21	0.833 -438.739
5	22	0.833 -439.053
5	23	0.833 -440.394
5	24	0.833 -440.276
5	25	0.833 -441.464
5	26	0.833 -436.531
5	27	0.833 -440.06
5	28	0.833 -437.929
5	29	0.833 -439.053
5	30	0.833 -436.827
5	31	0.833 -437.587
5	32	0.833 -436.783
5	33	0.833 -436.458
5	34	0.833 -435.162
5	35	0.833 -437.286
5	36	0.833 -436.183
5	37	0.833 -437.303
5	38	0.833 -438.035
5	39	0.833 -435.471
5	40	0.833 -436.732
5	41	0.833 -435.082
5	42	0.833 -437.576
5	43	0.833 -436.043
5	44	0.833 -436.696
5	45	0.833 -432.977
5	46	0.833 -437.552
5	47	0.833 -435.57
5	48	0.833 -431.464
5	49	0.833 -439.227
5	50	0.833 -433.277
5	51	0.833 -432.589
5	52	0.833 -431.789
5	53	0.833 -431.464
5	54	0.833 -431.464
5	55	0.833 -431.464
5	56	0.833 -431.464
5	57	0.833 -431.464
5	58	0.833 -432.758
5	59	0.833 -440.258
5	60	0.833 -436.499
5	61	0.833 -440.352
5	62	0.833 -433.681
5	63	0.833 -431.693
5	64	0.833 -438.519
### SDC1-U2
#
6	1	0.833 -430.844
6	2	0.833 -439.831
6	3	0.833 -438.54
6	4	0.833 -431.75
6	5	0.833 -436.231
6	6	0.833 -437.02
6	7	0.833 -432.755
6	8	0.833 -432.406
6	9	0.833 -440.374
6	10	0.833 -435.302
6	11	0.833 -440.374
6	12	0.833 -439.446
6	13	0.833 -435.143
6	14	0.833 -438.272
6	15	0.833 -440.132
6	16	0.833 -435.413
6	17	0.833 -434.618
6	18	0.833 -435.022
6	19	0.833 -433.62
6	20	0.833 -434.798
6	21	0.833 -438.164
6	22	0.833 -438.542
6	23	0.833 -437.172
6	24	0.833 -438.906
6	25	0.833 -438.028
6	26	0.833 -439.543
6	27	0.833 -438.284
6	28	0.833 -435.082
6	29	0.833 -437.253
6	30	0.833 -438.163
6	31	0.833 -437.234
6	32	0.833 -437.333
6	33	0.833 -434.668
6	34	0.833 -433.351
6	35	0.833 -434.258
6	36	0.833 -432.262
6	37	0.833 -435.318
6	38	0.833 -435.859
6	39	0.833 -436.391
6	40	0.833 -438.295
6	41	0.833 -435.575
6	42	0.833 -437.887
6	43	0.833 -435.777
6	44	0.833 -436.904
6	45	0.833 -431.556
6	46	0.833 -435.949
6	47	0.833 -435.949
6	48	0.833 -436.312
6	49	0.833 -430.568
6	50	0.833 -430.832
6	51	0.833 -430.374
6	52	0.833 -432.098
6	53	0.833 -430.374
6	54	0.833 -430.374
6	55	0.833 -430.374
6	56	0.833 -430.374
6	57	0.833 -430.619
6	58	0.833 -433.556
6	59	0.833 -432.867
6	60	0.833 -433.117
6	61	0.833 -435.786
6	62	0.833 -434.351
6	63	0.833 -440.075
6	64	0.833 -440.075
### SDC2-X1
#
7	1	0.833 -943.218
7	2	0.833 -946.553
7	3	0.833 -949.517
7	4	0.833 -950.315
7	5	0.833 -949.248
7	6	0.833 -951.42
7	7	0.833 -944.574
7	8	0.833 -946.352
7	9	0.833 -949.452
7	10	0.833 -948.782
7	11	0.833 -943.218
7	12	0.833 -943.218
7	13	0.833 -943.218
7	14	0.833 -943.218
7	15	0.833 -943.218
7	16	0.833 -943.218
7	17	0.833 -946.992
7	18	0.833 -947.984
7	19	0.833 -949.088
7	20	0.833 -951.299
7	21	0.833 -949.394
7	22	0.833 -950.313
7	23	0.833 -950.328
7	24	0.833 -952.81
7	25	0.833 -952.762
7	26	0.833 -950.642
7	27	0.833 -952.342
7	28	0.833 -953.024
7	29	0.833 -949.952
7	30	0.833 -951.764
7	31	0.833 -951.934
7	32	0.833 -946.944
7	33	0.833 -948.11
7	34	0.833 -951.102
7	35	0.833 -951.469
7	36	0.833 -952.391
7	37	0.833 -948.828
7	38	0.833 -952
7	39	0.833 -948.343
7	40	0.833 -953.019
7	41	0.833 -950.65
7	42	0.833 -953.218
7	43	0.833 -949.832
7	44	0.833 -946.126
7	45	0.833 -947.704
7	46	0.833 -953.218
7	47	0.833 -950.99
7	48	0.833 -953.218
7	49	0.833 -945.585
7	50	0.833 -953.218
7	51	0.833 -943.218
7	52	0.833 -951.609
7	53	0.833 -943.218
7	54	0.833 -943.218
7	55	0.833 -953.218
7	56	0.833 -951.975
7	57	0.833 -943.218
7	58	0.833 -953.218
7	59	0.833 -943.218
7	60	0.833 -953.218
7	61	0.833 -946.795
7	62	0.833 -950.551
7	63	0.833 -953.218
7	64	0.833 -953.218
7	65	0.833 -949.178
7	66	0.833 -953.218
7	67	0.833 -953.218
7	68	0.833 -943.218
7	69	0.833 -953.218
7	70	0.833 -943.218
### SDC2-X2
#
8	1	0.833 -948.053
8	2	0.833 -948.053
8	3	0.833 -948.053
8	4	0.833 -948.053
8	5	0.833 -948.053
8	6	0.833 -948.053
8	7	0.833 -938.053
8	8	0.833 -948.053
8	9	0.833 -938.053
8	10	0.833 -938.053
8	11	0.833 -938.053
8	12	0.833 -938.053
8	13	0.833 -940.314
8	14	0.833 -938.053
8	15	0.833 -938.053
8	16	0.833 -938.053
8	17	0.833 -948.053
8	18	0.833 -946.798
8	19	0.833 -948.053
8	20	0.833 -947.351
8	21	0.833 -948.053
8	22	0.833 -948.053
8	23	0.833 -947.939
8	24	0.833 -948.053
8	25	0.833 -948.053
8	26	0.833 -948.053
8	27	0.833 -948.053
8	28	0.833 -948.053
8	29	0.833 -948.053
8	30	0.833 -948.053
8	31	0.833 -948.053
8	32	0.833 -948.053
8	33	0.833 -948.053
8	34	0.833 -948.053
8	35	0.833 -948.053
8	36	0.833 -948.053
8	37	0.833 -948.053
8	38	0.833 -948.053
8	39	0.833 -948.053
8	40	0.833 -948.053
8	41	0.833 -946.549
8	42	0.833 -948.053
8	43	0.833 -948.053
8	44	0.833 -948.053
8	45	0.833 -948.053
8	46	0.833 -948.053
8	47	0.833 -944.814
8	48	0.833 -948.053
8	49	0.833 -940.297
8	50	0.833 -948.053
8	51	0.833 -948.053
8	52	0.833 -938.053
8	53	0.833 -948.053
8	54	0.833 -947.962
8	55	0.833 -946.753
8	56	0.833 -948.053
8	57	0.833 -948.053
8	58	0.833 -948.053
8	59	0.833 -945.951
8	60	0.833 -948.053
8	61	0.833 -948.053
8	62	0.833 -948.053
8	63	0.833 -947.279
8	64	0.833 -944.782
8	65	0.833 -948.053
8	66	0.833 -948.053
8	67	0.833 -948.053
8	68	0.833 -948.053
8	69	0.833 -948.053
8	70	0.833 -948.053
### SDC2-Y1
#
9	1	0.833 -946.001
9	2	0.833 -946.001
9	3	0.833 -946.001
9	4	0.833 -946.001
9	5	0.833 -946.001
9	6	0.833 -946.001
9	7	0.833 -946.001
9	8	0.833 -946.001
9	9	0.833 -943.923
9	10	0.833 -946.001
9	11	0.833 -946.001
9	12	0.833 -942.925
9	13	0.833 -939.675
9	14	0.833 -946.001
9	15	0.833 -946.001
9	16	0.833 -946.001
9	17	0.833 -946.001
9	18	0.833 -937.216
9	19	0.833 -936.001
9	20	0.833 -936.001
9	21	0.833 -936.001
9	22	0.833 -936.001
9	23	0.833 -946.001
9	24	0.833 -946.001
9	25	0.833 -937.344
9	26	0.833 -941.361
9	27	0.833 -946.001
9	28	0.833 -946.001
9	29	0.833 -946.001
9	30	0.833 -946.001
9	31	0.833 -946.001
9	32	0.833 -946.001
9	33	0.833 -939.075
9	34	0.833 -946.001
9	35	0.833 -946.001
9	36	0.833 -946.001
9	37	0.833 -946.001
9	38	0.833 -946.001
9	39	0.833 -946.001
9	40	0.833 -937.216
### SDC2-Y2
#
10	1	0.833 -941.664
10	2	0.833 -946.186
10	3	0.833 -945.428
10	4	0.833 -946.279
10	5	0.833 -946.924
10	6	0.833 -950.248
10	7	0.833 -949.405
10	8	0.833 -950.248
10	9	0.833 -947.555
10	10	0.833 -945.174
10	11	0.833 -947.645
10	12	0.833 -944.888
10	13	0.833 -948.966
10	14	0.833 -945.957
10	15	0.833 -944.909
10	16	0.833 -945.827
10	17	0.833 -944.598
10	18	0.833 -945.614
10	19	0.833 -940.42
10	20	0.833 -940.248
10	21	0.833 -940.248
10	22	0.833 -940.248
10	23	0.833 -940.248
10	24	0.833 -940.248
10	25	0.833 -940.727
10	26	0.833 -947.644
10	27	0.833 -947.821
10	28	0.833 -947.496
10	29	0.833 -948.649
10	30	0.833 -949.39
10	31	0.833 -946.651
10	32	0.833 -945.065
10	33	0.833 -944.787
10	34	0.833 -945.777
10	35	0.833 -946.482
10	36	0.833 -945.961
10	37	0.833 -948.002
10	38	0.833 -946.612
10	39	0.833 -944.769
10	40	0.833 -946.482
