### SDC1-V1
#
1	1	0.833 -439.448
1	2	0.833 -440.045
1	3	0.833 -440.533
1	4	0.833 -439.265
1	5	0.833 -440.598
1	6	0.833 -441.733
1	7	0.833 -440.004
1	8	0.833 -438.831
1	9	0.833 -437.96
1	10	0.833 -438.976
1	11	0.833 -437.794
1	12	0.833 -440.316
1	13	0.833 -439.492
1	14	0.833 -437.868
1	15	0.833 -436.831
1	16	0.833 -437.48
1	17	0.833 -441.533
1	18	0.833 -441.447
1	19	0.833 -441.469
1	20	0.833 -441.838
1	21	0.833 -441.382
1	22	0.833 -441.063
1	23	0.833 -441.555
1	24	0.833 -441.09
1	25	0.833 -441.883
1	26	0.833 -443.184
1	27	0.833 -442.275
1	28	0.833 -443.228
1	29	0.833 -441.454
1	30	0.833 -440.708
1	31	0.833 -440.311
1	32	0.833 -440.793
1	33	0.833 -442.271
1	34	0.833 -443.065
1	35	0.833 -442.132
1	36	0.833 -443.095
1	37	0.833 -442.792
1	38	0.833 -443.329
1	39	0.833 -442.844
1	40	0.833 -441.928
1	41	0.833 -442.972
1	42	0.833 -442.408
1	43	0.833 -442.918
1	44	0.833 -443.122
1	45	0.833 -442.165
1	46	0.833 -441.809
1	47	0.833 -441.214
1	48	0.833 -441.435
1	49	0.833 -440.526
1	50	0.833 -440.396
1	51	0.833 -441.023
1	52	0.833 -439.543
1	53	0.833 -440.574
1	54	0.833 -440.74
1	55	0.833 -441.049
1	56	0.833 -440.736
1	57	0.833 -442.156
1	58	0.833 -441.982
1	59	0.833 -442.595
1	60	0.833 -441.899
1	61	0.833 -440.51
1	62	0.833 -440.088
1	63	0.833 -440.129
1	64	0.833 -438.246
### SDC1-V2
#
2	1	0.833 -440.959
2	2	0.833 -439.941
2	3	0.833 -440.423
2	4	0.833 -440.618
2	5	0.833 -440.111
2	6	0.833 -440.365
2	7	0.833 -439.871
2	8	0.833 -442.065
2	9	0.833 -439.604
2	10	0.833 -439.06
2	11	0.833 -440.938
2	12	0.833 -438.699
2	13	0.833 -438.861
2	14	0.833 -438.615
2	15	0.833 -438.817
2	16	0.833 -437.848
2	17	0.833 -442.464
2	18	0.833 -443.986
2	19	0.833 -444.138
2	20	0.833 -443.017
2	21	0.833 -444.468
2	22	0.833 -442.324
2	23	0.833 -442.867
2	24	0.833 -442.197
2	25	0.833 -444.065
2	26	0.833 -444.195
2	27	0.833 -442.78
2	28	0.833 -442.002
2	29	0.833 -442.453
2	30	0.833 -441.564
2	31	0.833 -442.344
2	32	0.833 -441.778
2	33	0.833 -443.587
2	34	0.833 -443.338
2	35	0.833 -443.282
2	36	0.833 -443.077
2	37	0.833 -444.32
2	38	0.833 -443.173
2	39	0.833 -443.637
2	40	0.833 -442.763
2	41	0.833 -445.249
2	42	0.833 -444.123
2	43	0.833 -444.093
2	44	0.833 -443.037
2	45	0.833 -443.069
2	46	0.833 -443.385
2	47	0.833 -443.132
2	48	0.833 -442.552
2	49	0.833 -441.946
2	50	0.833 -441.427
2	51	0.833 -440.906
2	52	0.833 -439.886
2	53	0.833 -442.22
2	54	0.833 -440.792
2	55	0.833 -442.698
2	56	0.833 -441.155
2	57	0.833 -442.332
2	58	0.833 -441.827
2	59	0.833 -441.128
2	60	0.833 -440.394
2	61	0.833 -441.064
2	62	0.833 -441.56
2	63	0.833 -441.373
2	64	0.833 -439.412
### SDC1-X1
#
3	1	0.833 -443.967
3	2	0.833 -444.749
3	3	0.833 -443.484
3	4	0.833 -442.71
3	5	0.833 -443.525
3	6	0.833 -444.182
3	7	0.833 -443.28
3	8	0.833 -442.806
3	9	0.833 -444.827
3	10	0.833 -443.175
3	11	0.833 -442.336
3	12	0.833 -442.033
3	13	0.833 -442.979
3	14	0.833 -443.783
3	15	0.833 -442.851
3	16	0.833 -442.494
3	17	0.833 -440.085
3	18	0.833 -441.85
3	19	0.833 -441.207
3	20	0.833 -443.021
3	21	0.833 -443.007
3	22	0.833 -443.932
3	23	0.833 -443.346
3	24	0.833 -443.771
3	25	0.833 -444.428
3	26	0.833 -443.47
3	27	0.833 -444.352
3	28	0.833 -443.036
3	29	0.833 -441.757
3	30	0.833 -442.442
3	31	0.833 -442.238
3	32	0.833 -441.672
3	33	0.833 -441.249
3	34	0.833 -441.066
3	35	0.833 -440.445
3	36	0.833 -440.078
3	37	0.833 -442.829
3	38	0.833 -441.562
3	39	0.833 -442.425
3	40	0.833 -441.372
3	41	0.833 -441.923
3	42	0.833 -442.038
3	43	0.833 -440.656
3	44	0.833 -439.403
3	45	0.833 -441.813
3	46	0.833 -441.368
3	47	0.833 -441.063
3	48	0.833 -441.052
3	49	0.833 -440.242
3	50	0.833 -439.3
3	51	0.833 -439.465
3	52	0.833 -438.915
3	53	0.833 -440.072
3	54	0.833 -439.15
3	55	0.833 -440.496
3	56	0.833 -439.405
3	57	0.833 -440.016
3	58	0.833 -440.942
3	59	0.833 -441.987
3	60	0.833 -438.79
3	61	0.833 -439.245
3	62	0.833 -439.035
3	63	0.833 -439.315
3	64	0.833 -442.191
### SDC1-X2
#
4	1	0.833 -442.034
4	2	0.833 -444.909
4	3	0.833 -443.673
4	4	0.833 -444.688
4	5	0.833 -443.902
4	6	0.833 -443.228
4	7	0.833 -443.518
4	8	0.833 -442.366
4	9	0.833 -443.621
4	10	0.833 -443.484
4	11	0.833 -443.615
4	12	0.833 -444.345
4	13	0.833 -443.035
4	14	0.833 -444.43
4	15	0.833 -442.167
4	16	0.833 -442.268
4	17	0.833 -442.382
4	18	0.833 -441.363
4	19	0.833 -442.197
4	20	0.833 -443.495
4	21	0.833 -443.167
4	22	0.833 -442.241
4	23	0.833 -442.075
4	24	0.833 -442.615
4	25	0.833 -441.816
4	26	0.833 -441.691
4	27	0.833 -441.029
4	28	0.833 -443.275
4	29	0.833 -441.593
4	30	0.833 -441.373
4	31	0.833 -441.557
4	32	0.833 -441.462
4	33	0.833 -440.372
4	34	0.833 -441.265
4	35	0.833 -441.167
4	36	0.833 -439.978
4	37	0.833 -441.908
4	38	0.833 -441.986
4	39	0.833 -442.895
4	40	0.833 -443.081
4	41	0.833 -442.353
4	42	0.833 -441.685
4	43	0.833 -442.437
4	44	0.833 -441.518
4	45	0.833 -441.631
4	46	0.833 -441.778
4	47	0.833 -441.141
4	48	0.833 -440.275
4	49	0.833 -439.218
4	50	0.833 -439.878
4	51	0.833 -440.56
4	52	0.833 -439.055
4	53	0.833 -439.113
4	54	0.833 -439.828
4	55	0.833 -439.72
4	56	0.833 -438.313
4	57	0.833 -438.179
4	58	0.833 -439.786
4	59	0.833 -439.477
4	60	0.833 -439.51
4	61	0.833 -440.954
4	62	0.833 -439.065
4	63	0.833 -438.328
4	64	0.833 -437.557
### SDC1-U1
#
5	1	0.833 -444.804
5	2	0.833 -443.14
5	3	0.833 -443.527
5	4	0.833 -443.642
5	5	0.833 -443.23
5	6	0.833 -443.475
5	7	0.833 -443.055
5	8	0.833 -443.462
5	9	0.833 -443.257
5	10	0.833 -443.238
5	11	0.833 -442.855
5	12	0.833 -443.713
5	13	0.833 -443.218
5	14	0.833 -441.43
5	15	0.833 -442.204
5	16	0.833 -442.058
5	17	0.833 -440.05
5	18	0.833 -442.564
5	19	0.833 -444.353
5	20	0.833 -440.158
5	21	0.833 -441.895
5	22	0.833 -442.886
5	23	0.833 -442.652
5	24	0.833 -442.706
5	25	0.833 -444.509
5	26	0.833 -442.458
5	27	0.833 -443.091
5	28	0.833 -443.708
5	29	0.833 -442.773
5	30	0.833 -441.285
5	31	0.833 -441.704
5	32	0.833 -441.196
5	33	0.833 -440.304
5	34	0.833 -440.995
5	35	0.833 -442.884
5	36	0.833 -441.362
5	37	0.833 -441.925
5	38	0.833 -442.09
5	39	0.833 -440.938
5	40	0.833 -440.813
5	41	0.833 -441.401
5	42	0.833 -441.639
5	43	0.833 -440.607
5	44	0.833 -440.625
5	45	0.833 -441.925
5	46	0.833 -441.161
5	47	0.833 -441.883
5	48	0.833 -440.058
5	49	0.833 -442.516
5	50	0.833 -443.457
5	51	0.833 -442.613
5	52	0.833 -442.795
5	53	0.833 -442.84
5	54	0.833 -442.676
5	55	0.833 -443.452
5	56	0.833 -443.527
5	57	0.833 -444.523
5	58	0.833 -444.607
5	59	0.833 -444.444
5	60	0.833 -445.234
5	61	0.833 -444.142
5	62	0.833 -444.049
5	63	0.833 -442.118
5	64	0.833 -443.427
### SDC1-U2
#
6	1	0.833 -445.085
6	2	0.833 -443.836
6	3	0.833 -441.911
6	4	0.833 -443.796
6	5	0.833 -444.656
6	6	0.833 -444.333
6	7	0.833 -442.023
6	8	0.833 -443.786
6	9	0.833 -443.12
6	10	0.833 -443.397
6	11	0.833 -443.024
6	12	0.833 -443.643
6	13	0.833 -442.502
6	14	0.833 -443.217
6	15	0.833 -443.305
6	16	0.833 -442.334
6	17	0.833 -440.197
6	18	0.833 -441.467
6	19	0.833 -440.35
6	20	0.833 -440.508
6	21	0.833 -442.501
6	22	0.833 -441.632
6	23	0.833 -443.37
6	24	0.833 -441.614
6	25	0.833 -442.545
6	26	0.833 -442.306
6	27	0.833 -441.701
6	28	0.833 -439.842
6	29	0.833 -442.726
6	30	0.833 -442.166
6	31	0.833 -442.013
6	32	0.833 -442.358
6	33	0.833 -441.246
6	34	0.833 -441.722
6	35	0.833 -441.03
6	36	0.833 -440.959
6	37	0.833 -441.371
6	38	0.833 -441.985
6	39	0.833 -440.845
6	40	0.833 -440.941
6	41	0.833 -442.159
6	42	0.833 -441.746
6	43	0.833 -442.411
6	44	0.833 -439.992
6	45	0.833 -441.059
6	46	0.833 -441.85
6	47	0.833 -447.703
6	48	0.833 -441.23
6	49	0.833 -442.245
6	50	0.833 -443.259
6	51	0.833 -442.163
6	52	0.833 -442.259
6	53	0.833 -443.455
6	54	0.833 -442.963
6	55	0.833 -442.79
6	56	0.833 -443.017
6	57	0.833 -444.171
6	58	0.833 -442.284
6	59	0.833 -442.578
6	60	0.833 -443.516
6	61	0.833 -443.988
6	62	0.833 -443.788
6	63	0.833 -442.987
6	64	0.833 -442.987
### SDC2-X1
#
7	1	0.833 -949.666
7	2	0.833 -955.149
7	3	0.833 -955.412
7	4	0.833 -954.599
7	5	0.833 -954.485
7	6	0.833 -956.07
7	7	0.833 -955.122
7	8	0.833 -954.227
7	9	0.833 -951.675
7	10	0.833 -952.809
7	11	0.833 -952.543
7	12	0.833 -952.282
7	13	0.833 -950.988
7	14	0.833 -953.694
7	15	0.833 -954.437
7	16	0.833 -952.588
7	17	0.833 -954.279
7	18	0.833 -955.844
7	19	0.833 -955.079
7	20	0.833 -956.177
7	21	0.833 -954.425
7	22	0.833 -954.141
7	23	0.833 -954.327
7	24	0.833 -953.736
7	25	0.833 -955.823
7	26	0.833 -954.843
7	27	0.833 -954.864
7	28	0.833 -955.955
7	29	0.833 -954.29
7	30	0.833 -955.378
7	31	0.833 -953.945
7	32	0.833 -952.736
7	33	0.833 -952.458
7	34	0.833 -954.545
7	35	0.833 -955.162
7	36	0.833 -955.022
7	37	0.833 -952.612
7	38	0.833 -955.321
7	39	0.833 -954.04
7	40	0.833 -953.796
7	41	0.833 -954.716
7	42	0.833 -953.992
7	43	0.833 -952.896
7	44	0.833 -951.742
7	45	0.833 -954.011
7	46	0.833 -952.388
7	47	0.833 -951.572
7	48	0.833 -952.932
7	49	0.833 -954.158
7	50	0.833 -954.203
7	51	0.833 -953.139
7	52	0.833 -953.794
7	53	0.833 -951.368
7	54	0.833 -952.088
7	55	0.833 -952.668
7	56	0.833 -952.899
7	57	0.833 -953.361
7	58	0.833 -953.925
7	59	0.833 -951.672
7	60	0.833 -953.642
7	61	0.833 -951.64
7	62	0.833 -954.165
7	63	0.833 -954.401
7	64	0.833 -953.04
7	65	0.833 -950.985
7	66	0.833 -952.637
7	67	0.833 -951.485
7	68	0.833 -951.801
7	69	0.833 -951.365
7	70	0.833 -948.867
### SDC2-X2
#
8	1	0.833 -953.403
8	2	0.833 -955.109
8	3	0.833 -957.019
8	4	0.833 -957.047
8	5	0.833 -957.757
8	6	0.833 -957.559
8	7	0.833 -958.258
8	8	0.833 -956.621
8	9	0.833 -952.618
8	10	0.833 -953.12
8	11	0.833 -953.099
8	12	0.833 -952.115
8	13	0.833 -953.939
8	14	0.833 -955.803
8	15	0.833 -954.97
8	16	0.833 -954.999
8	17	0.833 -956.202
8	18	0.833 -956.259
8	19	0.833 -955.689
8	20	0.833 -954.683
8	21	0.833 -955.716
8	22	0.833 -956.603
8	23	0.833 -956.163
8	24	0.833 -956.358
8	25	0.833 -954.524
8	26	0.833 -955.334
8	27	0.833 -955.181
8	28	0.833 -954.539
8	29	0.833 -955.357
8	30	0.833 -957.423
8	31	0.833 -956.409
8	32	0.833 -955.51
8	33	0.833 -953.563
8	34	0.833 -954.719
8	35	0.833 -953.914
8	36	0.833 -952.962
8	37	0.833 -955.13
8	38	0.833 -954.782
8	39	0.833 -953.373
8	40	0.833 -955.357
8	41	0.833 -954.492
8	42	0.833 -953.228
8	43	0.833 -954.189
8	44	0.833 -952.447
8	45	0.833 -953.998
8	46	0.833 -955.066
8	47	0.833 -953.384
8	48	0.833 -952.464
8	49	0.833 -955.344
8	50	0.833 -956.283
8	51	0.833 -954.397
8	52	0.833 -954.191
8	53	0.833 -956.673
8	54	0.833 -956.869
8	55	0.833 -954.985
8	56	0.833 -955.732
8	57	0.833 -952.907
8	58	0.833 -954.818
8	59	0.833 -953.382
8	60	0.833 -953.058
8	61	0.833 -957.769
8	62	0.833 -958.054
8	63	0.833 -953.751
8	64	0.833 -956.272
8	65	0.833 -954.683
8	66	0.833 -955.443
8	67	0.833 -952.95
8	68	0.833 -953.813
8	69	0.833 -955.885
8	70	0.833 -952.422
### SDC2-Y1
#
9	1	0.833 -957.189
9	2	0.833 -958.52
9	3	0.833 -957.864
9	4	0.833 -957.512
9	5	0.833 -955.249
9	6	0.833 -956.221
9	7	0.833 -955.454
9	8	0.833 -954.094
9	9	0.833 -950.667
9	10	0.833 -953.097
9	11	0.833 -953.175
9	12	0.833 -952.619
9	13	0.833 -952.607
9	14	0.833 -952.791
9	15	0.833 -951.352
9	16	0.833 -951.186
9	17	0.833 -954.121
9	18	0.833 -953.168
9	19	0.833 -951.749
9	20	0.833 -952.267
9	21	0.833 -949.678
9	22	0.833 -951.528
9	23	0.833 -952.277
9	24	0.833 -951.363
9	25	0.833 -954.483
9	26	0.833 -956.194
9	27	0.833 -955.208
9	28	0.833 -954.218
9	29	0.833 -953.474
9	30	0.833 -955.499
9	31	0.833 -954.533
9	32	0.833 -953.444
9	33	0.833 -954.023
9	34	0.833 -954.82
9	35	0.833 -954.776
9	36	0.833 -954.881
9	37	0.833 -953.266
9	38	0.833 -953.964
9	39	0.833 -952.811
9	40	0.833 -952.572
### SDC2-Y2
#
10	1	0.833 -950.005
10	2	0.833 -951.235
10	3	0.833 -951.512
10	4	0.833 -950.111
10	5	0.833 -953.088
10	6	0.833 -953.439
10	7	0.833 -952.54
10	8	0.833 -952.143
10	9	0.833 -949.251
10	10	0.833 -950.385
10	11	0.833 -949.782
10	12	0.833 -949.262
10	13	0.833 -950.278
10	14	0.833 -949.897
10	15	0.833 -948.687
10	16	0.833 -949.485
10	17	0.833 -949.028
10	18	0.833 -948.916
10	19	0.833 -947.463
10	20	0.833 -947.204
10	21	0.833 -948.103
10	22	0.833 -949.061
10	23	0.833 -948.769
10	24	0.833 -948.581
10	25	0.833 -950.56
10	26	0.833 -951.512
10	27	0.833 -951.121
10	28	0.833 -950.335
10	29	0.833 -951.239
10	30	0.833 -952.255
10	31	0.833 -950.104
10	32	0.833 -948.921
10	33	0.833 -947.632
10	34	0.833 -950.57
10	35	0.833 -950.886
10	36	0.833 -949.501
10	37	0.833 -950.672
10	38	0.833 -949.401
10	39	0.833 -949.215
10	40	0.833 -946.409
