### SDC1-V1
#
1	1	0.833 -432.784
1	2	0.833 -433.773
1	3	0.833 -435.882
1	4	0.833 -434.359
1	5	0.833 -437.497
1	6	0.833 -437.616
1	7	0.833 -436.248
1	8	0.833 -436.605
1	9	0.833 -435.866
1	10	0.833 -435.899
1	11	0.833 -436.467
1	12	0.833 -437.658
1	13	0.833 -437.956
1	14	0.833 -436.833
1	15	0.833 -435.969
1	16	0.833 -436.056
1	17	0.833 -438.784
1	18	0.833 -440.048
1	19	0.833 -439.103
1	20	0.833 -440.949
1	21	0.833 -439.647
1	22	0.833 -440.101
1	23	0.833 -439.26
1	24	0.833 -438.808
1	25	0.833 -439.625
1	26	0.833 -441.184
1	27	0.833 -439.17
1	28	0.833 -440.398
1	29	0.833 -439.424
1	30	0.833 -438.633
1	31	0.833 -437.499
1	32	0.833 -438.134
1	33	0.833 -440.003
1	34	0.833 -440.83
1	35	0.833 -440.16
1	36	0.833 -441.745
1	37	0.833 -441.794
1	38	0.833 -441.357
1	39	0.833 -439.442
1	40	0.833 -439.801
1	41	0.833 -440.684
1	42	0.833 -439.048
1	43	0.833 -440.279
1	44	0.833 -439.974
1	45	0.833 -439.163
1	46	0.833 -438.591
1	47	0.833 -437.827
1	48	0.833 -438.145
1	49	0.833 -437.557
1	50	0.833 -436.729
1	51	0.833 -434.88
1	52	0.833 -433.413
1	53	0.833 -434.184
1	54	0.833 -435.957
1	55	0.833 -434.706
1	56	0.833 -435.901
1	57	0.833 -437.009
1	58	0.833 -440.025
1	59	0.833 -440.391
1	60	0.833 -440.87
1	61	0.833 -439.356
1	62	0.833 -438.411
1	63	0.833 -438.953
1	64	0.833 -435.952
### SDC1-V2
#
2	1	0.833 -436.616
2	2	0.833 -437.557
2	3	0.833 -437.57
2	4	0.833 -437.083
2	5	0.833 -439.201
2	6	0.833 -439.347
2	7	0.833 -439.107
2	8	0.833 -438.871
2	9	0.833 -436.893
2	10	0.833 -437.588
2	11	0.833 -439.645
2	12	0.833 -437.8
2	13	0.833 -438.17
2	14	0.833 -436.066
2	15	0.833 -436.78
2	16	0.833 -437.589
2	17	0.833 -441.156
2	18	0.833 -441.437
2	19	0.833 -440.862
2	20	0.833 -441.069
2	21	0.833 -442.736
2	22	0.833 -440.94
2	23	0.833 -441.843
2	24	0.833 -441.162
2	25	0.833 -442.164
2	26	0.833 -442.006
2	27	0.833 -441.524
2	28	0.833 -440.128
2	29	0.833 -440.053
2	30	0.833 -440.591
2	31	0.833 -439.934
2	32	0.833 -440.281
2	33	0.833 -441.975
2	34	0.833 -441.833
2	35	0.833 -441.791
2	36	0.833 -442.015
2	37	0.833 -442.923
2	38	0.833 -441.995
2	39	0.833 -442.199
2	40	0.833 -441.022
2	41	0.833 -443.029
2	42	0.833 -442.278
2	43	0.833 -441.397
2	44	0.833 -440.922
2	45	0.833 -439.691
2	46	0.833 -441.419
2	47	0.833 -439.631
2	48	0.833 -437.976
2	49	0.833 -438.268
2	50	0.833 -436.207
2	51	0.833 -436.25
2	52	0.833 -435.679
2	53	0.833 -438.839
2	54	0.833 -435.199
2	55	0.833 -436.968
2	56	0.833 -437.992
2	57	0.833 -437.725
2	58	0.833 -439.887
2	59	0.833 -440.514
2	60	0.833 -439.998
2	61	0.833 -439.672
2	62	0.833 -440.727
2	63	0.833 -439.208
2	64	0.833 -438.557
### SDC1-X1
#
3	1	0.833 -440.562
3	2	0.833 -439.636
3	3	0.833 -441.624
3	4	0.833 -440.981
3	5	0.833 -441.725
3	6	0.833 -441.918
3	7	0.833 -441.756
3	8	0.833 -442.195
3	9	0.833 -442.635
3	10	0.833 -442.239
3	11	0.833 -443.147
3	12	0.833 -441.739
3	13	0.833 -443.014
3	14	0.833 -442.05
3	15	0.833 -442.25
3	16	0.833 -440.38
3	17	0.833 -439.193
3	18	0.833 -440.983
3	19	0.833 -441.488
3	20	0.833 -441.63
3	21	0.833 -441.595
3	22	0.833 -442.147
3	23	0.833 -441.541
3	24	0.833 -441.206
3	25	0.833 -442.982
3	26	0.833 -442.464
3	27	0.833 -442.406
3	28	0.833 -441.632
3	29	0.833 -440.771
3	30	0.833 -441.156
3	31	0.833 -440.847
3	32	0.833 -440.5
3	33	0.833 -438.721
3	34	0.833 -439.669
3	35	0.833 -440.099
3	36	0.833 -439.45
3	37	0.833 -440.852
3	38	0.833 -440.663
3	39	0.833 -441.581
3	40	0.833 -440.229
3	41	0.833 -439.952
3	42	0.833 -441.239
3	43	0.833 -439.584
3	44	0.833 -436.991
3	45	0.833 -439.34
3	46	0.833 -440.195
3	47	0.833 -439.252
3	48	0.833 -439.452
3	49	0.833 -436.788
3	50	0.833 -435.923
3	51	0.833 -435.482
3	52	0.833 -434.11
3	53	0.833 -437.084
3	54	0.833 -434.632
3	55	0.833 -436.391
3	56	0.833 -434.595
3	57	0.833 -435.149
3	58	0.833 -435.314
3	59	0.833 -440.565
3	60	0.833 -437.015
3	61	0.833 -439.831
3	62	0.833 -438.507
3	63	0.833 -437.64
3	64	0.833 -434.975
### SDC1-X2
#
4	1	0.833 -434.02
4	2	0.833 -440.499
4	3	0.833 -441.16
4	4	0.833 -440.893
4	5	0.833 -440.776
4	6	0.833 -440.947
4	7	0.833 -440.762
4	8	0.833 -441.587
4	9	0.833 -442.645
4	10	0.833 -442.743
4	11	0.833 -443.125
4	12	0.833 -442.903
4	13	0.833 -441.971
4	14	0.833 -442.303
4	15	0.833 -440.965
4	16	0.833 -440.854
4	17	0.833 -440.078
4	18	0.833 -440.686
4	19	0.833 -441.926
4	20	0.833 -441.48
4	21	0.833 -441.302
4	22	0.833 -440.774
4	23	0.833 -441.055
4	24	0.833 -441.122
4	25	0.833 -441.181
4	26	0.833 -439.152
4	27	0.833 -440.479
4	28	0.833 -441.721
4	29	0.833 -440.293
4	30	0.833 -440.299
4	31	0.833 -440.263
4	32	0.833 -440.342
4	33	0.833 -439.4
4	34	0.833 -440.16
4	35	0.833 -439
4	36	0.833 -438.509
4	37	0.833 -440.158
4	38	0.833 -441.36
4	39	0.833 -440.708
4	40	0.833 -441.621
4	41	0.833 -441.391
4	42	0.833 -439.372
4	43	0.833 -439.902
4	44	0.833 -439.711
4	45	0.833 -438.121
4	46	0.833 -439.784
4	47	0.833 -438.829
4	48	0.833 -437.86
4	49	0.833 -435.008
4	50	0.833 -438.08
4	51	0.833 -438.932
4	52	0.833 -433.697
4	53	0.833 -435.615
4	54	0.833 -434.418
4	55	0.833 -434.273
4	56	0.833 -433.697
4	57	0.833 -433.697
4	58	0.833 -435.864
4	59	0.833 -434.745
4	60	0.833 -438.817
4	61	0.833 -437.937
4	62	0.833 -438.933
4	63	0.833 -437.402
4	64	0.833 -436.438
### SDC1-U1
#
5	1	0.833 -434.388
5	2	0.833 -440.531
5	3	0.833 -440.75
5	4	0.833 -442.372
5	5	0.833 -441.492
5	6	0.833 -441.149
5	7	0.833 -441.454
5	8	0.833 -440.752
5	9	0.833 -441.706
5	10	0.833 -441.784
5	11	0.833 -441.713
5	12	0.833 -442.423
5	13	0.833 -441.794
5	14	0.833 -441.13
5	15	0.833 -440.794
5	16	0.833 -440.892
5	17	0.833 -440.176
5	18	0.833 -440.638
5	19	0.833 -440.537
5	20	0.833 -439.579
5	21	0.833 -441.565
5	22	0.833 -441.407
5	23	0.833 -442.069
5	24	0.833 -441.87
5	25	0.833 -442.473
5	26	0.833 -441.286
5	27	0.833 -441.981
5	28	0.833 -441.24
5	29	0.833 -440.783
5	30	0.833 -439.307
5	31	0.833 -440.184
5	32	0.833 -439.529
5	33	0.833 -438.412
5	34	0.833 -438.798
5	35	0.833 -439.702
5	36	0.833 -437.354
5	37	0.833 -438.839
5	38	0.833 -439.897
5	39	0.833 -438.953
5	40	0.833 -438.451
5	41	0.833 -437.802
5	42	0.833 -439.163
5	43	0.833 -438.553
5	44	0.833 -438.343
5	45	0.833 -439.747
5	46	0.833 -438.385
5	47	0.833 -435.476
5	48	0.833 -438.546
5	49	0.833 -438.951
5	50	0.833 -440.832
5	51	0.833 -439.244
5	52	0.833 -437.809
5	53	0.833 -438.26
5	54	0.833 -438.112
5	55	0.833 -439.365
5	56	0.833 -439.79
5	57	0.833 -440.869
5	58	0.833 -442.566
5	59	0.833 -441.066
5	60	0.833 -443.227
5	61	0.833 -442.679
5	62	0.833 -442.387
5	63	0.833 -442.593
5	64	0.833 -439.428
### SDC1-U2
#
6	1	0.833 -439.118
6	2	0.833 -439.427
6	3	0.833 -441.013
6	4	0.833 -438.767
6	5	0.833 -439.792
6	6	0.833 -439.801
6	7	0.833 -441.311
6	8	0.833 -440.541
6	9	0.833 -442.752
6	10	0.833 -440.929
6	11	0.833 -441.963
6	12	0.833 -441.525
6	13	0.833 -441.251
6	14	0.833 -440.811
6	15	0.833 -441.114
6	16	0.833 -440.493
6	17	0.833 -438.8
6	18	0.833 -439.768
6	19	0.833 -439.165
6	20	0.833 -438.007
6	21	0.833 -441.019
6	22	0.833 -440.55
6	23	0.833 -441.407
6	24	0.833 -439.769
6	25	0.833 -440.929
6	26	0.833 -441.12
6	27	0.833 -439.956
6	28	0.833 -438.365
6	29	0.833 -439.526
6	30	0.833 -439.771
6	31	0.833 -439.187
6	32	0.833 -439.303
6	33	0.833 -439
6	34	0.833 -438.214
6	35	0.833 -437.332
6	36	0.833 -437.273
6	37	0.833 -438.7
6	38	0.833 -439.065
6	39	0.833 -438.53
6	40	0.833 -438.083
6	41	0.833 -438.082
6	42	0.833 -439.614
6	43	0.833 -439.567
6	44	0.833 -437.283
6	45	0.833 -437.727
6	46	0.833 -438.334
6	47	0.833 -438.334
6	48	0.833 -437.546
6	49	0.833 -438.732
6	50	0.833 -440.37
6	51	0.833 -437.057
6	52	0.833 -436.714
6	53	0.833 -438.686
6	54	0.833 -437.925
6	55	0.833 -438.101
6	56	0.833 -439.22
6	57	0.833 -438.777
6	58	0.833 -439.748
6	59	0.833 -441.214
6	60	0.833 -441.651
6	61	0.833 -442.411
6	62	0.833 -442.435
6	63	0.833 -442.045
6	64	0.833 -442.045
### SDC2-X1
#
7	1	0.833 -944.893
7	2	0.833 -951.709
7	3	0.833 -950.921
7	4	0.833 -950.838
7	5	0.833 -950.68
7	6	0.833 -952.774
7	7	0.833 -950.844
7	8	0.833 -947.53
7	9	0.833 -944.893
7	10	0.833 -947.171
7	11	0.833 -944.893
7	12	0.833 -944.893
7	13	0.833 -944.893
7	14	0.833 -947.852
7	15	0.833 -949.03
7	16	0.833 -944.893
7	17	0.833 -947.255
7	18	0.833 -950.337
7	19	0.833 -950.649
7	20	0.833 -952.34
7	21	0.833 -948.551
7	22	0.833 -949.938
7	23	0.833 -949.491
7	24	0.833 -949.603
7	25	0.833 -952.809
7	26	0.833 -950.171
7	27	0.833 -952.234
7	28	0.833 -952.994
7	29	0.833 -951.355
7	30	0.833 -952.502
7	31	0.833 -950.704
7	32	0.833 -949.547
7	33	0.833 -950.696
7	34	0.833 -951.221
7	35	0.833 -951.814
7	36	0.833 -951.296
7	37	0.833 -951.963
7	38	0.833 -953.135
7	39	0.833 -952.134
7	40	0.833 -950.735
7	41	0.833 -951.165
7	42	0.833 -950.188
7	43	0.833 -950.686
7	44	0.833 -950.32
7	45	0.833 -950.863
7	46	0.833 -951.521
7	47	0.833 -949.094
7	48	0.833 -949.837
7	49	0.833 -951.205
7	50	0.833 -951.009
7	51	0.833 -951.552
7	52	0.833 -951.527
7	53	0.833 -950.101
7	54	0.833 -951.571
7	55	0.833 -950.438
7	56	0.833 -950.669
7	57	0.833 -948.126
7	58	0.833 -949.091
7	59	0.833 -952.248
7	60	0.833 -951.379
7	61	0.833 -944.893
7	62	0.833 -949.083
7	63	0.833 -944.893
7	64	0.833 -944.893
7	65	0.833 -944.893
7	66	0.833 -944.893
7	67	0.833 -944.893
7	68	0.833 -953.931
7	69	0.833 -944.893
7	70	0.833 -944.893
### SDC2-X2
#
8	1	0.833 -948.52
8	2	0.833 -952.404
8	3	0.833 -954.335
8	4	0.833 -954.036
8	5	0.833 -956.409
8	6	0.833 -954.865
8	7	0.833 -953.715
8	8	0.833 -948.9
8	9	0.833 -947.087
8	10	0.833 -947.087
8	11	0.833 -947.087
8	12	0.833 -947.087
8	13	0.833 -948.019
8	14	0.833 -949.907
8	15	0.833 -950.49
8	16	0.833 -951.146
8	17	0.833 -951.999
8	18	0.833 -953.377
8	19	0.833 -952.362
8	20	0.833 -952.494
8	21	0.833 -953.393
8	22	0.833 -953.036
8	23	0.833 -954.876
8	24	0.833 -955.005
8	25	0.833 -953.644
8	26	0.833 -954.009
8	27	0.833 -953.958
8	28	0.833 -951.544
8	29	0.833 -953.325
8	30	0.833 -954.622
8	31	0.833 -952.75
8	32	0.833 -952.01
8	33	0.833 -952.54
8	34	0.833 -953.836
8	35	0.833 -954.03
8	36	0.833 -952.767
8	37	0.833 -954.414
8	38	0.833 -954.719
8	39	0.833 -952.311
8	40	0.833 -953.264
8	41	0.833 -952.294
8	42	0.833 -952.496
8	43	0.833 -953.685
8	44	0.833 -952.442
8	45	0.833 -953.023
8	46	0.833 -953.758
8	47	0.833 -951.577
8	48	0.833 -950.547
8	49	0.833 -954.727
8	50	0.833 -954.066
8	51	0.833 -953.563
8	52	0.833 -954.092
8	53	0.833 -955.373
8	54	0.833 -955.152
8	55	0.833 -953.314
8	56	0.833 -953.564
8	57	0.833 -954.624
8	58	0.833 -953.872
8	59	0.833 -947.087
8	60	0.833 -947.087
8	61	0.833 -953.834
8	62	0.833 -949.414
8	63	0.833 -948.947
8	64	0.833 -950.313
8	65	0.833 -947.087
8	66	0.833 -953.913
8	67	0.833 -948.616
8	68	0.833 -957.087
8	69	0.833 -947.087
8	70	0.833 -953.465
### SDC2-Y1
#
9	1	0.833 -954.811
9	2	0.833 -956.507
9	3	0.833 -956.507
9	4	0.833 -956.507
9	5	0.833 -954.285
9	6	0.833 -954.687
9	7	0.833 -953.866
9	8	0.833 -953.148
9	9	0.833 -951.899
9	10	0.833 -951.787
9	11	0.833 -953.35
9	12	0.833 -952.169
9	13	0.833 -952.625
9	14	0.833 -950.92
9	15	0.833 -950.059
9	16	0.833 -949.69
9	17	0.833 -952.612
9	18	0.833 -951.766
9	19	0.833 -946.507
9	20	0.833 -946.91
9	21	0.833 -946.507
9	22	0.833 -946.507
9	23	0.833 -950.5
9	24	0.833 -950.381
9	25	0.833 -951.294
9	26	0.833 -955.16
9	27	0.833 -951.911
9	28	0.833 -953.574
9	29	0.833 -952.731
9	30	0.833 -951.616
9	31	0.833 -953.291
9	32	0.833 -953.862
9	33	0.833 -953.455
9	34	0.833 -954.359
9	35	0.833 -953.728
9	36	0.833 -953.868
9	37	0.833 -950.647
9	38	0.833 -953.256
9	39	0.833 -952.523
9	40	0.833 -948.905
### SDC2-Y2
#
10	1	0.833 -941.443
10	2	0.833 -947.918
10	3	0.833 -948.733
10	4	0.833 -947.313
10	5	0.833 -950.591
10	6	0.833 -951.197
10	7	0.833 -950.836
10	8	0.833 -948.714
10	9	0.833 -945.523
10	10	0.833 -946.423
10	11	0.833 -948.984
10	12	0.833 -947.263
10	13	0.833 -948.099
10	14	0.833 -947.752
10	15	0.833 -944.735
10	16	0.833 -947.474
10	17	0.833 -946.259
10	18	0.833 -944.034
10	19	0.833 -941.197
10	20	0.833 -941.197
10	21	0.833 -942.142
10	22	0.833 -942.162
10	23	0.833 -942.082
10	24	0.833 -944.925
10	25	0.833 -946.286
10	26	0.833 -946.91
10	27	0.833 -947.696
10	28	0.833 -947.744
10	29	0.833 -948.834
10	30	0.833 -949.607
10	31	0.833 -947.365
10	32	0.833 -945.112
10	33	0.833 -944.053
10	34	0.833 -948.583
10	35	0.833 -949.137
10	36	0.833 -947.755
10	37	0.833 -948.932
10	38	0.833 -948.209
10	39	0.833 -944.712
10	40	0.833 -941.197
