#Len	dL	dTh	dPh ### Window = (Len, dL]
-1111
0	3	0.0398269	0.0373762
3	3	0.0274716	0.0221863
6	3	0.0209573	0.0196349
9	3	0.0193768	0.0171604
12	3	0.0168006	0.0156685
15	20	0.0114846	0.0100964
35	20	0.00918087	0.00855748
55	20	0.00813905	0.00761944
75	20	0.00793292	0.00735667
95	20	0.00793233	0.0073064
115	20	0.00839922	0.00760634
135	20	0.00872028	0.00791901
155	20	0.00840106	0.00775697
175	20	0.00825569	0.00711037
195	20	0.00763401	0.00832925
215	20	0.00617842	0.00609746
#NHit	dPPt	dPi1Pt
-2222
12	0.1845	0.0739496	0.0924771
13	0.177594	0.0574459	0.073406
14	0.143128	0.0497656	0.06152
15	0.11553	0.0433054	0.0522215
16	0.106329	0.0405678	0.0485402
17	0.101149	0.0379231	0.0473407
18	0.0906045	0.0371964	0.0465646
19	0.0813824	0.0341984	0.0423534
20	0.0727656	0.0324122	0.0370561
21	0.0639953	0.0293897	0.0337939
22	0.0579501	0.0261513	0.0320601
23	0.0552375	0.0258223	0.0302447
24	0.0529425	0.0241091	0.0279923
25	0.0485889	0.0235633	0.0255656
26	0.0467123	0.0223029	0.0245274
27	0.0497515	0.0218748	0.0253192
28	0.0492067	0.0223681	0.0254115
#PP	dPP	dHThP	dHPhP
-3333
0.175	0.05	0.00733805	0.013276
0.225	0.05	0.00562065	0.0100944
0.275	0.05	0.00469412	0.00873013
0.325	0.05	0.00407037	0.00791667
0.375	0.05	0.00356487	0.00720938
0.425	0.05	0.00324543	0.00664654
0.475	0.05	0.00296038	0.00642113
0.525	0.05	0.00279294	0.00610003
0.575	0.05	0.00273387	0.00568641
0.625	0.05	0.00264135	0.0054304
0.675	0.05	0.00258388	0.00531095
0.725	0.05	0.00255623	0.00507808
0.775	0.05	0.00260429	0.0049857
0.825	0.05	0.00258843	0.00510897
0.875	0.05	0.00283519	0.0048453
0.925	0.05	0.00312192	0.0051815
0.975	0.05	0.0030417	0.00501691
1.025	0.05	0.00357907	0.00543553
#PPi	dPPi	dHThPi1	dHPhPi1	dHThPi2	dHPhPi2
-4444
0.015	0.01	0.0127209	0.0917914	0.0152249	0.243395
0.025	0.01	0.0116775	0.0542334	0.0170779	0.238274
0.035	0.01	0.010449	0.0434435	0.0155026	0.0662453
0.045	0.01	0.00991296	0.0295294	0.010523	0.0279939
0.055	0.01	0.00908315	0.0254295	0.00989473	0.0273599
0.065	0.01	0.00826857	0.0229353	0.00971224	0.0251569
0.075	0.01	0.00740768	0.0206546	0.00927739	0.0207061
0.085	0.01	0.00668699	0.0190426	0.00871651	0.0188087
0.095	0.01	0.00601453	0.0173714	0.00829597	0.0169518
0.105	0.01	0.00563068	0.0164331	0.0075358	0.0151661
0.115	0.01	0.00526704	0.0152487	0.00722304	0.0148666
0.125	0.01	0.00497048	0.0142915	0.00659844	0.0130815
0.135	0.01	0.00478827	0.0136712	0.00642543	0.0125756
0.145	0.01	0.00456929	0.0128672	0.00605499	0.0118306
0.155	0.01	0.00453567	0.0123712	0.00567085	0.0112822
0.165	0.01	0.00438219	0.0116069	0.00557624	0.0108524
0.175	0.01	0.00433276	0.0107109	0.00526929	0.0104936
0.185	0.01	0.00427831	0.0109406	0.00485299	0.0103143
0.195	0.01	0.0041554	0.0103172	0.00488988	0.00987002
0.205	0.01	0.00421803	0.0105137	0.00461367	0.00957691
0.215	0.01	0.0038467	0.010564	0.0045413	0.00936981
0.225	0.01	0.00471762	0.00946067	0.00444169	0.009307
0.235	0.01	0.00469856	0.0113369	0.00403548	0.0090617
-9999