##
#  file: DCDriftParam_05047
#  date: 2021-05-12 09:33:35
#  note: first version
#        DCDriftParam SdcOut ... done
#        DCDriftParam SdcIn ... done
#        DCDriftParam BcOut ... done
#
#
#######################################################################
# Id	WireId	Type	NParam	p0	p1	...
### SDC1
1	0	6	6	0	0.0080935	0.00134556	-5.06899e-06	-1.97441e-07	1.3093e-09
2	0	6	6	-0.451123	1.2936e-07	0.00280743	-5.46336e-05	4.4123e-07	-1.55444e-09
3	0	6	6	0	0.0108167	0.00155874	-9.29312e-06	-2.52832e-07	2.27141e-09
4	0	6	6	0	0.0126077	0.00142076	-7.87239e-06	-2.1864e-07	1.81702e-09
5	0	6	6	0	0.0157868	0.00126038	-6.5518e-06	-1.87601e-07	1.42239e-09
6	0	6	6	0	0.0148373	0.00134307	-7.73437e-06	-2.02766e-07	1.69768e-09
### SDC2
7	0	6	6	0	0.00873191	0.00146386	-1.55497e-05	3.66789e-08	8.30834e-11
8	0	6	6	0	0.00898162	0.00159764	-2.07829e-05	9.68408e-08	-1.34935e-10
9	0	6	6	0	0.00361956	0.00184729	-2.47483e-05	1.25213e-07	-2.17342e-10
10	0	6	6	0	0.00166094	0.00199697	-2.7177e-05	1.43196e-07	-2.7393e-10
### SDC3 layer 1,2 -> XT fitting Start from 20 ns, layer 3,4->From DTDL Hist
31	0	6	6	0	0.00800784	0.00120765	-5.23004e-06	-1.11139e-07	7.64755e-10
32	0	6	6	0	0.0098598	0.0011913	-5.50817e-06	-1.12411e-07	7.89e-10
33	0	6	6	0	0.0218472	0.000384407	1.25126e-05	-2.77384e-07	1.30405e-09
34	0	6	6	0	0.027895	-8.87362e-05	2.47386e-05	-4.04243e-07	1.7689e-09
### SDC4
35	0	6	6	0	0.0247356	0.000462483	-3.12932e-06	7.69432e-09	-7.21112e-12
36	0	6	6	0	0.0237528	0.000513145	-3.94968e-06	1.20088e-08	-1.41861e-11
37	0	6	6	0	0.0242248	0.000755069	-7.66286e-06	3.16198e-08	-4.88612e-11
38	0	6	6	0	0.0120134	0.000966211	-8.81118e-06	3.39637e-08	-4.99264e-11
### BC3
113	0	6	6	0	0.0145756	0.00211929	-1.33495e-05	-1.22551e-06	1.20284e-08
114	0	6	6	0	0.0145918	0.00208154	-1.41063e-05	-1.21096e-06	1.39033e-08
115	0	6	6	0	0.0187756	0.00110155	8.7761e-06	-4.26147e-07	-8.16254e-09
116	0	6	6	0	0.0133868	0.00165709	1.54972e-06	-1.03443e-06	5.71637e-09
117	0	6	6	0	0.0185797	0.00127133	7.80986e-06	-7.68582e-07	-1.37557e-09
118	0	6	6	0	0.0250346	0.000156094	3.41139e-05	-2.39959e-08	-2.29082e-08
### BC4
119	0	6	6	0	-0.0765883	0.003	2.06048e-05	-2.64636e-06	3e-08
120	0	6	6	0	-0.0765894	0.003	2.06048e-05	-2.64634e-06	3e-08
121	0	6	6	0	0.0181528	0.00155907	-2.08031e-05	2.94107e-07	-1.49489e-08
122	0	6	6	0	0.0231122	0.001018	-4.47415e-06	4.69675e-07	-2.41268e-08
123	0	6	6	0	0.0175559	0.00146398	-1.2859e-05	1.87212e-07	-1.5687e-08
124	0	6	6	0	0.014535	0.00153101	-1.01969e-05	2.01824e-07	-1.80355e-08
